[[array([[ 6.30111876e-01,  4.49944773e-02, -8.11835925e-03,
        -1.89447349e-02,  1.58727030e-02, -5.10594909e-02],
       [ 4.80394231e-01, -9.36452886e-02,  7.67313414e-01,
         3.97921477e-02,  5.26524609e-02, -4.49582187e-03],
       [ 6.24866282e-01,  6.50397133e-01,  4.51749244e-01,
        -4.74415981e-02,  1.19568709e-02,  4.70748389e-02],
       [-9.65934420e-02,  8.40120432e-02,  4.39230563e-02,
         1.70837815e-02,  1.12914424e-02, -1.23481169e-02],
       [ 9.95861096e-03, -1.62845659e-02,  9.46795948e-01,
         2.60413946e-02, -1.45197770e-02, -5.92073872e-03],
       [ 5.50471601e-02,  1.44903564e-02,  2.21872065e-03,
        -3.51474555e-02, -2.51301528e-02, -4.71356469e-02],
       [ 5.78138265e-04,  1.24112739e-02,  9.57703536e-01,
        -5.94305644e-02, -2.79696443e-02,  6.91539257e-01],
       [-2.09424071e-02,  8.35601563e-01,  3.01198008e-02,
         4.68590886e-02,  4.66821337e-01, -7.18544265e-02],
       [ 1.61404092e-01, -6.94890135e-03,  2.74107795e-02,
         1.04578339e-02, -5.29066231e-03, -6.29300539e-03],
       [ 3.26976557e-01, -1.99668895e-02,  6.74694195e-02,
         6.90625278e-01, -3.83840114e-02,  4.65686305e-03],
       [ 4.19463745e-02,  6.97425751e-01, -2.52943525e-02,
        -1.70046583e-02, -4.97106540e-02, -3.36682130e-02],
       [-6.87615646e-02, -1.19449027e-02, -1.22339988e-01,
         8.14194039e-01,  9.13997605e-01, -2.37321876e-02],
       [-7.69119973e-02,  1.33971579e-02,  1.33402488e-02,
         4.10799151e-01,  5.30000204e-02,  8.45961010e-03],
       [ 6.55450387e-02,  1.90830559e-02,  1.59783788e-01,
         4.55933986e-02,  2.80230533e-01,  2.86602123e-02],
       [ 4.61385999e-02, -5.45833924e-02, -6.28584291e-03,
         1.39633787e-02,  3.59929651e-02,  4.39032969e-01],
       [ 2.37094670e-02,  1.00596410e-01,  9.20513444e-03,
         2.35209333e-02, -2.40836587e-02,  6.68896226e-03],
       [ 6.29277325e-03,  2.62585150e-02,  1.52061540e-02,
         4.79650521e-01,  5.79917213e-02, -3.42379978e-02],
       [-2.40535305e-02, -4.19614833e-02,  1.51863112e-03,
         2.32984781e-02, -2.29911142e-02,  7.09395615e-02],
       [-3.46252397e-02,  4.37742836e-01,  2.50192220e-02,
        -4.54457659e-02,  2.66528436e-02, -3.31654265e-02],
       [ 9.09901327e-02, -3.44674995e-02, -3.19098281e-02,
         3.08252706e-02, -1.30187924e-02,  1.71986873e-01]]), array([[ 4.31338805e-02,  1.70161347e-02, -3.04891662e-02,
         4.86604892e-02,  3.37760686e-01, -4.79274927e-02,
         3.10213829e-01, -5.49962151e-02,  1.04901394e-02,
         1.16550922e-03,  4.29750529e-02,  3.04883040e-01,
        -3.13880588e-02, -6.27357623e-02,  1.25986694e-02,
         1.49293490e-02,  1.84034903e-02,  1.88968227e-01,
         4.20600070e-02,  5.43047528e-02],
       [ 4.63233349e-02,  6.27574531e-02, -7.40498580e-02,
         1.14244543e-02,  3.03907498e-02,  1.82049180e-01,
         2.70715011e-02,  1.98975054e-02,  5.99175855e-01,
        -4.90493576e-02,  3.83688494e-01,  3.86970917e-02,
         8.99247537e-01,  5.25601329e-02, -1.95485120e-02,
         4.94707189e-01,  3.85795648e-02, -1.85601704e-02,
         4.86814123e-02, -3.99247190e-02],
       [ 4.95717074e-02, -1.78367878e-02,  5.54805296e-01,
        -1.10060666e-02,  9.56766348e-02, -1.07301381e-02,
        -1.73173217e-02,  4.10985316e-01,  2.65142222e-02,
        -5.21957058e-03, -5.03646242e-03,  7.79273102e-01,
        -1.31433644e-02, -9.72725304e-04,  6.74544694e-02,
         1.07201326e-02,  5.81393117e-01,  1.22726662e-02,
         3.31409568e-01, -6.90274945e-02],
       [-3.38409864e-02,  3.53987791e-01,  2.69467904e-02,
        -3.02342464e-02, -7.17510687e-03,  1.62982467e-02,
        -2.76243848e-02, -1.48925659e-02,  6.78781992e-01,
        -1.89025507e-02,  2.17243775e-02,  1.66698902e-02,
         2.89764358e-02,  3.29586372e-02,  2.46266330e-03,
         6.13489638e-02,  1.63157990e-02,  1.03137741e-02,
        -1.70449374e-02, -2.86918518e-02],
       [ 4.08254491e-02,  2.64918434e-02, -1.18369583e-02,
        -9.76244134e-03,  7.00631451e-01, -9.66297874e-03,
         2.66614122e-03,  4.01051002e-01,  1.90816910e-02,
         2.10447709e-02,  1.09419205e-02,  7.72529111e-01,
         8.93808781e-03,  2.48062510e-02,  4.69696390e-02,
         4.68151192e-03,  4.51896328e-01, -2.02282043e-03,
         1.44510570e-02,  4.52842998e-02],
       [-2.14772182e-02,  6.86509103e-03,  5.64175460e-01,
        -2.30877643e-02,  6.21836838e-01,  8.56175177e-03,
        -1.18831355e-02, -1.82245157e-02,  3.15080890e-01,
         5.86544727e-04,  8.44059963e-03,  4.55296973e-02,
         1.52703721e-01,  7.01960566e-01,  2.83283178e-01,
        -1.76500069e-02,  2.59507370e-03,  5.45927362e-03,
         8.12476151e-01, -1.70495615e-02],
       [-1.89543296e-02, -4.09001404e-04, -2.54613895e-02,
        -3.37366672e-02,  1.98982366e-02,  2.22152413e-02,
        -3.29893745e-02,  7.96276227e-01, -6.92049971e-03,
        -4.29512842e-02,  9.68688989e-01, -4.72676560e-02,
         2.75986758e-02, -1.02975755e-02, -3.48155804e-03,
        -4.25795601e-03, -2.45194523e-02, -2.30286406e-02,
         1.82170356e-03,  3.11799971e-02],
       [ 2.77556200e-03,  8.05858491e-01, -2.49417173e-02,
         5.33263451e-01,  2.80795120e-02,  9.57751273e-01,
         1.99930824e-01, -3.47728313e-02,  5.27282874e-03,
         3.88501936e-01,  7.01949774e-02, -2.34663518e-02,
         2.57999874e-02, -1.82020132e-02, -1.69292214e-02,
         5.55343688e-02, -3.88567923e-02,  5.39830301e-03,
         2.93663151e-02, -2.65974417e-04],
       [-4.55694821e-02, -3.41652628e-02,  9.94002857e-01,
         3.88854644e-02, -4.66259732e-03, -2.61035812e-02,
         7.33380611e-01, -9.13091239e-03,  9.27398848e-01,
        -2.76015489e-02,  1.62144085e-02,  7.39881447e-03,
        -2.80075379e-02, -1.98421386e-02,  4.60593228e-03,
         7.13815814e-01, -4.31992854e-02,  1.60052713e-02,
        -2.50897608e-02,  1.55583095e-02],
       [ 2.67708443e-03, -1.29132430e-02,  2.18323160e-01,
         5.12763069e-01, -4.35144297e-02, -4.63932900e-02,
         6.35413912e-03,  5.80218203e-01,  1.89484070e-02,
        -5.31588965e-02,  1.09604754e-02,  5.46901472e-01,
        -1.17920933e-03, -2.04174917e-02, -1.72562994e-02,
         7.13291298e-03, -5.82677286e-02,  7.28837031e-01,
         2.46138722e-02,  4.71205729e-02],
       [-1.18488639e-02,  8.79207876e-01,  9.09786667e-03,
         8.42121442e-03,  4.02716492e-02,  2.55175376e-02,
         3.31259400e-02,  4.92634571e-01,  7.49203234e-03,
        -3.21801265e-02,  1.12475806e-02,  9.04507607e-01,
        -6.54704313e-02, -1.09883341e-02, -2.44787434e-02,
         1.81936454e-02, -2.32274244e-03,  4.28267405e-03,
         1.08207815e-02,  4.54852067e-01],
       [-3.87126562e-02,  5.37234304e-01, -2.35881873e-02,
         2.74798639e-03,  2.36780024e-01,  8.84196203e-01,
        -1.57152631e-03, -1.01409861e-02,  9.04593917e-03,
         1.86031619e-01,  8.11769708e-03,  6.18038643e-01,
        -1.30451796e-02,  4.09011001e-02, -6.07594283e-02,
        -2.39159035e-02, -6.48221437e-02, -4.37062758e-02,
         7.50037141e-03,  9.01920038e-01],
       [-3.36914673e-02,  1.70968169e-02, -2.98288579e-02,
         3.14233167e-02, -5.94542558e-03,  2.29792017e-01,
         5.11246358e-02,  3.41841494e-01, -1.83805110e-02,
         9.87044528e-02,  4.51826259e-02, -1.36019384e-02,
         1.13248915e-02,  3.70566692e-03, -3.60237503e-02,
         2.51927738e-02,  4.80313804e-01,  3.67027948e-02,
         6.87024605e-03,  5.03610695e-01],
       [ 8.04340883e-03,  2.57777135e-03, -1.95750094e-02,
        -5.77316490e-03,  7.18683774e-01,  1.61716243e-01,
        -1.97500838e-02, -2.25509879e-02, -5.16940065e-02,
         3.50533127e-02,  4.63007836e-01,  1.33749754e-02,
         9.09580297e-03,  1.44318500e-03, -1.27098184e-02,
        -2.40762921e-03, -1.42231660e-02,  4.95419613e-04,
        -2.40150630e-02,  3.45952572e-03],
       [ 4.94939686e-02,  8.81034075e-03,  9.11132450e-03,
         5.15324891e-01,  9.32921010e-01,  7.49571116e-01,
         2.14135691e-02,  1.38484204e-02,  9.02753671e-03,
         2.47496683e-02, -1.51234697e-02,  8.07753261e-01,
         8.29854268e-01, -1.46068690e-02, -5.30508177e-03,
        -2.32149053e-02,  9.81280300e-01,  9.70415533e-02,
        -1.03231274e-02,  4.14496273e-02],
       [-1.39713779e-02,  3.97600068e-02,  6.54061977e-02,
         2.20976811e-01,  9.52175550e-03, -4.73891635e-02,
         1.66057486e-01, -9.37029518e-03, -3.30845953e-03,
         3.57694409e-02, -4.60505066e-03,  3.62535214e-03,
         2.91933008e-01,  2.05760852e-02,  2.67190205e-02,
        -3.13919167e-03,  5.66057084e-01,  2.79309954e-01,
         1.38869887e-02,  2.69993099e-02],
       [ 3.33494727e-02,  2.86727714e-02,  1.99500196e-02,
        -3.61176126e-02, -5.98584976e-03,  1.40788227e-02,
        -5.67571943e-02,  1.88019137e-02, -6.39714881e-03,
         3.06599039e-02,  1.66448636e-02,  3.14730925e-01,
         2.36161860e-02, -4.72700624e-02,  2.22945023e-03,
         1.42572488e-02,  1.95914854e-02, -1.71489274e-03,
        -3.96624540e-02,  1.67304109e-02],
       [ 7.49038670e-03,  1.58940264e-02, -5.66766428e-03,
        -2.34841110e-02, -6.77110964e-03, -1.57072879e-02,
         1.81501331e-01,  7.30943211e-03,  2.65679161e-02,
        -3.61259091e-02, -1.86282316e-02,  6.51200046e-02,
        -4.51379630e-02,  5.53751564e-01,  9.74704516e-01,
        -1.39547278e-02,  5.43983444e-02,  2.11558911e-02,
        -1.39459303e-03, -2.05596075e-02],
       [ 8.50930013e-01,  9.63108760e-03, -6.71391439e-02,
        -7.37692862e-03,  2.44430442e-01,  1.55823807e-02,
        -2.50177564e-02,  4.41614752e-01,  3.27860763e-01,
         1.42098972e-02, -3.37714362e-02,  4.30811195e-02,
        -3.00508352e-02, -2.56109476e-03,  2.73183037e-01,
        -7.55309998e-02,  5.14176051e-01,  5.28043880e-02,
         2.29890502e-03, -1.57850717e-02],
       [ 3.59314322e-03, -5.81214370e-03, -2.86438242e-02,
         9.54193581e-03,  2.01727899e-02,  5.23044116e-01,
        -1.31335403e-02,  4.26522012e-02,  3.68919305e-02,
         2.84655515e-02,  1.29778548e-02, -7.84630585e-03,
         3.02219795e-03,  3.20944080e-01, -5.72920193e-02,
         2.54095859e-02,  1.43360389e-02,  2.72155637e-01,
        -3.45429611e-02,  1.36988019e-02]]), array([[ 0.0375609 ,  0.04024294, -0.04124226, -0.04876783, -0.09741723,
         0.08494701,  0.96905414, -0.01982595, -0.01326386,  0.01970125,
         0.01403474, -0.05049761,  0.02301374,  0.01056799, -0.07578363,
        -0.04001401,  0.04096312,  0.22167182,  0.02327583, -0.02471353]])], [array([[ 0.0896497 ],
       [ 0.03070257],
       [-0.04322839],
       [-0.07012533],
       [-0.05209954],
       [ 0.01301748],
       [ 0.03213928],
       [ 0.05331291],
       [ 0.00556284],
       [ 0.05773278],
       [-0.04187483],
       [ 0.03526515],
       [-0.02998961],
       [-0.07050589],
       [-0.1124471 ],
       [ 0.64285919],
       [ 0.03110626],
       [ 0.57978926],
       [-0.09750056],
       [ 0.08208937]]), array([[ 0.00571515],
       [ 0.45423497],
       [-0.04606035],
       [ 0.03546857],
       [-0.03783449],
       [-0.00154832],
       [ 0.0307686 ],
       [-0.04995329],
       [-0.03388148],
       [-0.06998428],
       [ 0.90868146],
       [-0.06601411],
       [ 0.74119993],
       [ 0.04798945],
       [-0.0934802 ],
       [-0.00874009],
       [-0.00438782],
       [ 0.02496839],
       [-0.08037773],
       [ 0.52320316]]), array([[0.00259113]])]]