[[array([[ 3.63384221e-02,  9.75921658e-01,  1.47842400e-01,
         9.12825969e-04,  2.97927124e-01,  3.31421226e-02],
       [-6.28990520e-03,  6.03381842e-01, -2.10405360e-02,
        -1.45198241e-02,  4.73444258e-01, -1.07768686e-03],
       [-1.77301739e-02,  3.36307745e-02,  3.76113327e-02,
        -5.14601369e-02,  3.21514187e-02,  5.39195155e-02],
       [-4.88983672e-02,  3.14476400e-02,  3.44205971e-02,
         4.12745312e-02, -6.17705823e-02, -6.85615621e-02],
       [ 4.97090038e-02, -1.34524306e-02, -5.86046555e-03,
         8.04043032e-01, -9.14416144e-02, -1.94901673e-02],
       [ 4.91954447e-01, -1.28097500e-02, -1.99396312e-02,
        -2.94189662e-02,  1.00360575e-01,  4.94405817e-02],
       [ 9.54719452e-01,  3.08084963e-02,  4.61309211e-02,
         3.66936578e-02,  2.50742282e-01,  2.94012057e-02],
       [-4.29382870e-03,  5.85806638e-01, -6.34865121e-02,
         9.66490704e-03,  5.20295713e-01,  8.97375413e-01],
       [ 7.87106433e-03,  6.21920825e-01,  2.54004223e-02,
         7.33391218e-02, -8.32149850e-02, -7.98844558e-03],
       [-1.21600207e-02,  2.60896785e-02, -6.66986115e-02,
         3.97282073e-01,  8.67630001e-01, -2.32271760e-03],
       [-8.07520444e-02,  3.18135449e-02,  2.24262378e-01,
         5.07099501e-03, -6.55276779e-02, -2.95838951e-02],
       [ 6.26399947e-02,  5.74260272e-02,  7.86043803e-01,
        -1.30042635e-03,  5.28684677e-02, -7.46502349e-02],
       [ 1.60536028e-02,  3.27533181e-02,  5.82308997e-01,
        -8.81829366e-03,  5.53998465e-02,  6.61281585e-02],
       [ 2.57376418e-03, -3.18121620e-02,  3.98467465e-02,
        -5.93345565e-02, -3.93710912e-02,  4.75868705e-01],
       [ 2.21198723e-01, -5.61906056e-02, -7.19776987e-03,
        -2.28758512e-02,  6.56201351e-03,  4.25220616e-02],
       [ 4.84489309e-01, -3.08168491e-02,  4.34595701e-02,
        -3.17125043e-02, -7.01118729e-02,  8.27928144e-01],
       [ 5.95455636e-03,  8.82210988e-03, -1.69433517e-02,
        -2.69799167e-03,  5.51159139e-01, -4.47802687e-02],
       [ 1.45878453e-02,  2.57325362e-01, -1.59976316e-02,
         4.09994871e-02,  2.22478693e-02,  1.06930945e-03],
       [-1.78122989e-02,  2.04458357e-01, -9.14479857e-03,
        -4.34260780e-03,  2.98725206e-02,  6.19043721e-01],
       [ 3.53808326e-03, -7.10625809e-02,  3.05163109e-02,
         4.42323757e-01,  4.42660438e-02, -2.75902183e-02]]), array([[ 2.61655084e-01, -1.78941056e-02,  4.98991029e-02,
         6.54951148e-03,  8.99980855e-04,  3.56362150e-01,
        -3.48752829e-02, -8.63036377e-03,  9.84355703e-03,
        -4.25042128e-02, -5.26229183e-03,  4.77853579e-03,
        -4.41550537e-02, -4.02216517e-02,  1.54495306e-01,
         2.18892323e-01,  4.12245280e-02,  2.62493429e-01,
        -2.41292986e-02,  9.32955281e-01],
       [-7.16451536e-03,  7.23757899e-01,  1.68003727e-02,
         7.13793169e-01, -4.28681831e-03,  2.35896256e-02,
         2.53165813e-05,  8.45927667e-01, -2.31526507e-02,
        -3.50009925e-03,  2.56824501e-02,  2.71316305e-02,
         6.76015224e-03,  1.07391535e-02,  6.37426605e-03,
        -3.00642919e-02, -3.87962787e-02, -2.58733381e-02,
        -3.92036426e-02, -1.25307386e-02],
       [ 1.04311128e-02,  2.27147344e-02,  1.04529443e-02,
         3.72396715e-01, -9.85605332e-03, -2.04267471e-02,
         3.15100410e-01, -3.78300225e-02, -7.04423220e-03,
        -8.21915741e-03, -2.50619296e-02, -3.83416611e-02,
        -2.84745573e-02,  1.12997476e-02,  1.29090308e-02,
         3.31698003e-02, -1.52109175e-02,  2.28684295e-02,
        -1.83881091e-02,  7.07397176e-01],
       [ 6.80017976e-04,  3.47050496e-02, -4.12186073e-03,
         8.48693970e-01, -4.08069900e-02, -2.06840570e-02,
        -2.10120742e-02,  3.35738833e-02,  2.37200892e-02,
         4.06360935e-01,  9.30972131e-03,  1.35443811e-02,
        -5.49016806e-02, -2.91677618e-02,  7.09593429e-03,
         8.56240891e-01, -5.56051157e-02,  2.79242142e-01,
        -3.13983918e-02,  1.06951560e-02],
       [ 2.51033230e-02, -1.07621347e-02, -1.79045513e-02,
         8.82034069e-03,  8.55701489e-01,  8.68403247e-01,
         1.43490977e-01, -3.05869894e-02, -2.34014541e-02,
         5.46539943e-03,  1.30275842e-02,  4.16088977e-02,
         1.40858472e-02,  1.24509669e-02,  4.94080100e-01,
         8.78646547e-03, -2.22529766e-02,  6.13569486e-01,
         1.26261561e-02,  1.05443048e-01],
       [ 1.72545967e-02, -4.49522836e-02,  1.94525929e-02,
         2.36967210e-02,  4.99409148e-02, -1.86401927e-02,
         3.71742087e-02, -1.93892222e-02, -2.54779433e-03,
         8.25451836e-03,  9.52879692e-03,  4.56726482e-02,
         2.82874129e-01, -1.53003504e-02,  3.51196673e-02,
        -1.35743620e-02,  1.65173107e-02, -1.72011657e-02,
        -1.16733264e-02,  5.12717773e-01],
       [-2.00996641e-02,  6.72162262e-03,  7.53702227e-02,
        -1.78242425e-02,  7.43757262e-01, -9.62921846e-03,
         4.75555959e-02, -1.16522487e-02, -1.48714619e-02,
         4.89639671e-01, -1.59174235e-03,  3.51372239e-01,
         1.97285892e-02,  6.42703732e-02, -1.51820893e-02,
         1.19015104e-02, -4.12956734e-02, -1.26321954e-02,
        -1.09141584e-04,  7.20522166e-01],
       [ 5.31928115e-01,  7.04247621e-02,  4.96455431e-01,
         5.30812177e-03,  1.08300614e-01,  8.98845284e-03,
        -5.61253107e-03,  2.81082801e-02,  2.04806969e-02,
         9.77910566e-01, -6.13558036e-02, -2.36904677e-02,
         5.56776923e-02,  1.12702946e-02, -1.96264449e-02,
        -2.64534422e-02,  1.74642060e-03,  4.05120521e-04,
         2.66106649e-03,  2.83731871e-02],
       [ 1.05876347e-03,  3.73823445e-02,  5.01826163e-01,
         6.18483433e-02, -5.51365282e-02, -1.00959146e-02,
        -1.55814696e-02, -1.77773833e-03, -1.83282497e-02,
         1.41175931e-03,  6.72662172e-02,  4.85725735e-03,
         2.02063919e-02,  6.00453163e-02, -1.90792147e-02,
         1.64082677e-01, -3.21692210e-02,  1.71247059e-02,
         2.51569924e-02,  5.82148837e-03],
       [ 3.86098658e-03,  1.80730298e-03,  2.71146375e-02,
        -4.64821039e-02, -1.08047567e-03, -1.68710604e-02,
        -4.29042401e-03,  1.23459212e-03,  7.24605047e-03,
         2.20622419e-02,  1.34865313e-02,  3.82133452e-02,
         7.09317288e-04, -1.98411269e-02, -5.46611795e-03,
         1.51978519e-02,  4.11882069e-02,  3.13173138e-01,
         2.32411870e-01, -4.95835772e-03],
       [ 9.37906397e-01,  6.41304002e-03,  3.09292759e-02,
        -3.28123401e-02,  1.38749232e-03,  5.42491709e-02,
         3.29728399e-02, -4.95378506e-03,  7.40059469e-01,
         3.23425417e-02,  3.59733510e-02,  2.44696662e-02,
         2.95080317e-02, -2.56434524e-02,  3.14667845e-02,
         4.91686435e-02, -1.68408609e-02, -3.64222116e-02,
        -3.30553518e-02,  2.48137171e-02],
       [ 1.97286266e-02, -3.76288590e-02, -4.11142567e-02,
         3.33968627e-02,  3.02949454e-02,  4.73633029e-03,
        -1.15763916e-02,  4.80427128e-02,  2.16431998e-02,
         5.22098418e-01,  1.64437024e-02,  1.33012250e-02,
         5.90208803e-02,  2.27329056e-01,  4.21220170e-02,
         3.60329188e-02,  2.77034900e-02, -5.82915656e-03,
         4.57272007e-01, -1.45858556e-02],
       [ 1.75410707e-03,  9.01224309e-03,  1.24266587e-01,
         1.78523955e-02,  3.36359734e-02, -3.96328329e-02,
        -6.86745272e-03,  5.13186193e-01,  6.49282967e-03,
        -9.33680025e-03,  3.38458911e-03, -2.49961464e-02,
        -1.06563131e-02, -2.22126537e-02,  9.33524158e-03,
         3.47558071e-02, -1.05070075e-02, -3.04577805e-03,
         1.25321032e-02,  8.06771269e-03],
       [-2.09977999e-02,  5.19602942e-02,  5.87774357e-02,
        -6.90677763e-02, -1.41809317e-02, -2.80649780e-03,
         2.03267600e-01,  7.36345617e-01, -4.20791544e-03,
         3.26804797e-02,  9.96501208e-01,  3.65647830e-01,
        -2.54738457e-02,  2.44806114e-01, -2.36629106e-02,
        -3.59966007e-02,  5.81519756e-02, -3.99381278e-02,
         2.21187156e-02, -7.57946436e-04],
       [ 1.35026204e-03, -4.55047279e-02,  6.08824759e-03,
         2.77845019e-01,  4.28792366e-02,  1.09912294e-02,
         4.67223185e-03,  4.66206610e-01,  1.34219840e-02,
         2.32219045e-02,  9.98437191e-03,  9.83130013e-03,
         2.99533783e-02,  4.06476455e-03,  7.30236328e-04,
         6.62155956e-02,  9.61066358e-01,  8.78574249e-01,
         6.41957058e-01,  2.96214924e-01],
       [ 2.51674276e-01,  1.42380124e-01, -7.88403226e-03,
         1.14173699e-02, -1.22416512e-02, -1.52976525e-02,
        -2.07458797e-02, -2.29800835e-02,  3.53639423e-02,
        -1.00596883e-02,  1.11968783e-01,  5.91396146e-03,
        -1.73636543e-02,  7.17329033e-01,  4.11724956e-01,
         1.64062615e-02,  1.91655314e-02,  3.53845078e-02,
         1.88714812e-02,  1.42305033e-02],
       [-4.49156329e-02, -9.18001099e-03,  6.93419165e-01,
         2.34829862e-02, -2.74730860e-02,  5.85010823e-03,
         5.94904692e-03, -1.26003267e-02,  2.93992030e-02,
        -4.95632217e-03, -5.65948585e-02, -2.95639951e-04,
        -1.88755952e-02, -5.68896986e-03,  4.24473214e-02,
         3.95656526e-02,  1.90319972e-02,  3.12129874e-02,
        -6.03614858e-03,  4.56614351e-02],
       [ 1.24540112e-02,  2.68221830e-02, -4.49195248e-02,
         1.84157066e-02, -2.70403173e-02,  3.82637582e-02,
        -1.17061089e-02,  9.49711062e-01, -3.02523769e-02,
        -2.75940024e-02, -1.55095559e-02, -1.26716122e-02,
        -1.46972140e-03,  1.05461785e-02,  2.05945024e-02,
        -6.15098729e-03,  5.65173480e-01,  3.11133828e-02,
         3.02965991e-02, -1.08324089e-02],
       [ 6.75967162e-03, -6.01263357e-02,  2.62040418e-02,
         1.29829058e-01, -1.98286330e-03,  3.13411271e-01,
         1.14359638e-01,  6.24651307e-01,  2.86988892e-02,
         2.19574416e-02, -1.79952915e-02, -2.80181069e-03,
         3.93853422e-01,  1.19521100e-01,  1.71976025e-01,
         2.56266604e-02, -1.35242550e-02, -3.61578490e-03,
        -2.55142072e-02,  3.80365474e-02],
       [-2.67782153e-02, -1.88876317e-02,  2.92215226e-02,
        -8.63450464e-03,  5.25156301e-01, -2.21160605e-02,
         3.39789282e-02, -1.32267287e-02,  8.49950515e-02,
        -5.99090255e-03, -3.53861907e-02,  1.19594594e-02,
         9.54986740e-03,  3.30281696e-02,  2.31680341e-02,
        -1.28346760e-02, -1.32774563e-02,  6.11409423e-03,
        -7.10337555e-02,  9.31593457e-01]]), array([[-0.03995473,  0.59510216, -0.08507612, -0.03981855,  0.0071769 ,
        -0.04379773, -0.04764848, -0.03485143,  0.02736767, -0.01822908,
         0.10132428,  0.00223766,  0.05923951, -0.02163908, -0.02370709,
         0.04304016,  0.02523888,  0.81379384,  0.01432327, -0.00989118]])], [array([[-0.00742177],
       [-0.0585288 ],
       [ 0.02209377],
       [ 0.01173752],
       [ 0.00257852],
       [ 0.04339527],
       [-0.04659366],
       [ 0.01873909],
       [ 0.07545827],
       [ 0.08848055],
       [-0.04583292],
       [-0.06386935],
       [ 0.0263105 ],
       [ 0.91330733],
       [ 0.1662283 ],
       [-0.00799397],
       [ 0.01127555],
       [ 0.07423503],
       [-0.00382902],
       [-0.00646993]]), array([[ 0.03609081],
       [-0.01318675],
       [-0.06648814],
       [-0.0087961 ],
       [-0.03214375],
       [ 0.06495769],
       [ 0.01182542],
       [-0.0043059 ],
       [-0.11136208],
       [-0.02076986],
       [-0.10294816],
       [ 0.5784389 ],
       [ 0.00452682],
       [ 0.03379656],
       [ 0.0213333 ],
       [-0.01823462],
       [-0.01079941],
       [-0.01261925],
       [ 0.04932595],
       [ 0.06855243]]), array([[0.00830892]])]]