[[array([[-0.02515374,  0.02912429, -0.03235006,  0.24030378, -0.031796  ,
         0.01824404],
       [ 0.84655311, -0.044768  ,  0.03425627,  0.71776533,  0.05369986,
         0.06608678],
       [ 0.00170273, -0.01499892, -0.04052059, -0.05783313,  0.02970695,
         0.01639857],
       [-0.06447052,  0.03460878,  0.06235849,  0.86960326,  0.04124732,
         0.05059423],
       [-0.04891179,  0.97097   , -0.00698981, -0.05106692,  0.04518262,
        -0.02719549],
       [-0.03980353, -0.05216361,  0.01028638,  0.03548874, -0.11777059,
         0.0293445 ],
       [ 0.0555386 ,  0.0021267 ,  0.02397233,  0.12970844, -0.04186362,
         0.00677449],
       [-0.0120521 , -0.00147663,  0.95708624, -0.03635525,  0.03532191,
         0.00853144],
       [-0.03781793, -0.02264896,  0.05534915,  0.0295969 , -0.01048615,
         0.03986199],
       [ 0.01108233,  0.91267435,  0.02544321,  0.02544433, -0.06248805,
         0.04487298],
       [-0.01821855, -0.03871657,  0.08798814, -0.02212694, -0.02738634,
         0.04715786],
       [ 0.03521758,  0.6741631 , -0.06163598,  0.00649253, -0.01982589,
        -0.0857028 ],
       [ 0.03122367, -0.0173955 , -0.01576836,  0.87407864,  0.00942852,
         0.0024211 ],
       [-0.03399667,  0.02536407,  0.01579119,  0.01025837,  0.00673157,
         0.00446888],
       [ 0.00760615, -0.00249506, -0.02093125,  0.0247434 ,  0.03322049,
         0.99969809],
       [ 0.02246094, -0.00951061, -0.02236326,  0.00201077, -0.01979572,
         0.04568031],
       [ 0.01774769, -0.00838972,  0.04241251,  0.72097167,  0.03476504,
        -0.06911434],
       [-0.03388049,  0.05082126,  0.01274905, -0.00105989, -0.079637  ,
         0.00724521],
       [-0.05185463,  0.84871831,  0.00467107,  0.02390041,  0.03703511,
         0.00394526],
       [ 0.00328759,  0.48257156, -0.03586687, -0.01802558,  0.00899581,
        -0.01800397]]), array([[ 3.25816314e-02,  2.36465115e-02, -3.22365617e-02,
         4.57132811e-02,  1.67175831e-02,  1.62949545e-02,
        -2.32097647e-02, -2.32983201e-02,  3.90887967e-03,
         1.05413082e-03, -5.86344033e-03,  6.40050257e-03,
        -2.41068816e-02, -8.45584351e-03,  3.39899681e-03,
         2.39668252e-02, -4.51938681e-02,  3.08411561e-02,
        -4.97907226e-02,  2.86794769e-02],
       [ 1.18884536e-02, -1.27467210e-02, -2.55610518e-02,
        -2.78714246e-02,  4.84600553e-01,  2.38821527e-04,
         7.80757686e-03, -1.77048547e-02, -2.60939192e-02,
         4.17713110e-02,  8.58496340e-03, -2.58777367e-02,
         6.42400166e-03, -3.79963440e-02, -2.22323145e-02,
        -1.69044364e-02,  2.76248107e-02,  4.02530806e-03,
         3.58974293e-02,  1.58504621e-02],
       [ 7.80998864e-03,  6.46942657e-03, -8.73143199e-03,
         1.45238647e-02, -4.02145154e-03,  3.79198077e-03,
        -3.46483933e-02, -3.33617362e-02,  1.81942627e-02,
         3.35091865e-02, -1.22519974e-03, -8.54571103e-03,
         1.53832790e-02,  1.85485463e-02, -6.72669873e-03,
         2.02304123e-02,  8.56570562e-01,  2.72572800e-02,
        -5.97335120e-03,  1.13225165e-03],
       [ 3.65335593e-02, -3.30266059e-02,  3.21693703e-02,
        -1.37455421e-02,  1.90985621e-02, -8.37923077e-03,
        -8.97041017e-03,  2.53226620e-02,  5.21598562e-01,
         7.21186867e-01,  8.84476387e-02,  2.00986604e-02,
        -4.49935391e-02,  9.23812671e-03, -4.68554859e-03,
        -3.58483402e-02, -3.79617323e-02, -1.38123600e-02,
        -8.37066511e-03, -1.98816406e-02],
       [ 5.76198872e-03, -4.90912204e-02,  4.34699682e-02,
         7.11239146e-03,  3.16737997e-03,  8.50547441e-01,
         2.36139196e-02, -1.09299936e-03,  2.45306714e-02,
        -3.67630119e-03, -1.63843229e-03,  7.06193888e-02,
        -2.84480948e-02, -2.12460771e-02,  2.60822337e-02,
         1.51260628e-02,  3.05652360e-02, -2.97310871e-02,
         2.22963168e-02,  2.01265854e-02],
       [ 7.59599216e-03, -3.11857465e-02,  1.52561153e-02,
        -1.36038115e-02,  5.38177940e-02, -1.32270360e-02,
        -6.97387822e-03,  2.27710049e-02, -1.65223282e-02,
        -4.29490590e-03, -5.53679913e-02,  9.22316090e-01,
        -7.95088177e-03, -2.27189136e-02,  4.01104404e-03,
         1.24503900e-03, -8.28200263e-03,  2.43239388e-02,
         1.69144458e-01, -3.74327313e-02],
       [-2.75953214e-02,  3.83935804e-02, -7.82025940e-03,
         6.83969801e-03,  4.38855780e-03, -2.91102887e-02,
         4.90095007e-02, -4.66167132e-02, -1.71275842e-02,
         7.15909279e-02,  1.72767117e-02, -4.71588913e-03,
         4.61638274e-02,  7.37660208e-01,  3.07565963e-02,
        -1.80639309e-02,  2.21650467e-02,  2.22976638e-02,
         1.87472533e-02,  9.83435167e-01],
       [-2.70519301e-02,  2.05804932e-03, -8.94585669e-03,
        -2.56332466e-02, -3.23057072e-03, -1.21898131e-02,
        -2.78643251e-02,  6.50974415e-03, -4.49522627e-02,
         2.65176588e-02,  1.43152981e-01,  1.87933446e-02,
         1.28947930e-01, -8.30096970e-02, -2.18212419e-03,
        -8.44528011e-02,  2.65914352e-03, -2.23084985e-02,
        -1.13687783e-03,  2.55682002e-02],
       [ 8.79947251e-01, -3.85468430e-02, -2.60426768e-02,
         7.79025534e-03, -2.36881812e-02, -9.07517448e-03,
         9.02096875e-01, -1.86075186e-02, -4.72873652e-02,
        -7.86837404e-03, -2.66291253e-02, -3.20928397e-02,
        -4.18432482e-02,  4.39077682e-02, -1.77384923e-02,
        -1.17856959e-02,  5.23860203e-02,  4.77930659e-03,
        -9.68533555e-03, -2.00009393e-02],
       [-1.71096500e-02, -5.76046141e-02,  1.68383621e-03,
        -2.66452170e-02,  2.60369757e-02,  1.88572171e-03,
        -3.39716279e-02,  2.41000331e-02,  5.23617677e-02,
        -2.92310642e-03,  8.18636930e-03, -8.46337628e-03,
         4.43178132e-01,  3.18436582e-01, -1.25490457e-02,
         2.87271536e-02,  5.34167649e-02,  1.03377750e-02,
         6.95435695e-01, -1.18139456e-02],
       [-1.91435817e-04, -1.72211121e-02, -2.70410082e-02,
        -2.84906286e-02,  3.83914298e-03,  2.20525996e-01,
        -1.26610150e-02,  1.37447384e-02,  6.40286803e-01,
         6.13737564e-03,  1.30775492e-03,  6.07513042e-02,
        -1.42150849e-02,  1.11904097e-02,  1.24090785e-02,
        -1.86897934e-02,  1.96962874e-02, -1.57429904e-02,
         5.18054769e-03,  1.51687923e-02],
       [ 1.28200568e-02,  2.66865224e-02,  9.76213116e-01,
        -3.54595356e-03,  5.69390017e-02,  3.62965001e-02,
         1.49206438e-02,  1.78465823e-02, -2.50852980e-02,
        -2.88820924e-02,  5.36829465e-03,  1.65361279e-03,
        -2.10180913e-02,  2.68874680e-02, -5.27989261e-02,
         3.28594804e-02,  2.00923382e-02, -9.14399028e-03,
         7.37750136e-01, -6.37829085e-02],
       [ 1.69757965e-02,  4.28949141e-02, -2.28073705e-02,
         4.62639970e-03,  1.35217674e-02,  4.64276722e-02,
         2.41941332e-02, -1.69725684e-02,  2.77442167e-02,
        -5.62298527e-02,  2.06526962e-02, -1.52627259e-02,
         9.92493366e-03, -1.29928455e-02, -6.59215800e-03,
        -3.56817085e-02,  7.14640118e-03, -1.48696592e-03,
         1.24455076e-03,  2.38869055e-02],
       [-1.28804167e-02, -2.36500991e-02,  8.75707158e-01,
         8.47786474e-03, -3.05673696e-02,  8.06568361e-01,
        -7.22048813e-03, -3.96173987e-02,  7.12665798e-03,
        -1.42862684e-02, -8.36514798e-03,  2.06340635e-02,
         4.53010224e-03, -8.19374669e-03,  3.51319422e-02,
         5.75514613e-01,  5.07793424e-03, -3.77283020e-02,
         6.87775163e-01, -4.62376955e-03],
       [-1.04351696e-02,  5.61493672e-01, -2.92034148e-02,
         1.32702516e-02,  8.59633537e-03,  2.59984307e-02,
         1.26435700e-02, -6.26757080e-03,  1.95362427e-01,
        -2.01812947e-02, -1.16657991e-02,  7.48133655e-03,
        -1.03519211e-02, -3.74394779e-02, -5.42002502e-02,
        -2.80582228e-02,  2.46024043e-02, -1.60898366e-02,
        -3.79073527e-03,  1.69312651e-02],
       [-1.08568622e-02, -1.78309410e-02,  3.30346192e-02,
         5.35980390e-03,  2.86418273e-02,  2.77914515e-02,
         2.15855437e-02, -8.99595623e-04,  2.21067603e-03,
         1.87865701e-02, -3.91140898e-02,  3.05426657e-01,
         4.87703128e-03, -6.03109632e-03,  1.59249514e-02,
        -2.70714856e-02,  2.08963480e-03, -6.26692144e-03,
         8.96743161e-01, -8.28436127e-03],
       [ 6.44602177e-03,  4.62948135e-02,  5.51639939e-02,
        -3.63470012e-02,  2.88091389e-01, -1.55472606e-02,
         1.66171578e-02,  8.35671356e-01, -1.65801090e-02,
         1.43918307e-02, -3.01621510e-02,  5.83989967e-01,
        -9.58674552e-03, -6.01257147e-03, -2.51713848e-02,
        -2.71685875e-02,  2.25717311e-01, -1.23215108e-02,
        -4.98294622e-04, -5.37061559e-03],
       [ 1.49593485e-02, -4.25026014e-02, -2.03799189e-03,
        -6.62186348e-03,  5.33431992e-02, -4.89862777e-03,
        -4.68691242e-02, -8.65500879e-03, -1.40237507e-02,
         3.55726059e-02,  4.26528070e-02,  1.89970995e-02,
         4.86352925e-03,  2.20660680e-02, -3.22248427e-02,
         2.65894053e-02, -7.66222496e-03,  1.42459471e-02,
        -5.16771403e-02,  5.48705921e-04],
       [ 1.53602221e-02,  3.42760642e-02,  3.35088546e-02,
         3.11937686e-02,  6.79929054e-03, -2.17577592e-02,
        -2.34331759e-02,  1.90884864e-03,  1.54458309e-02,
        -5.48322277e-02, -1.83312154e-03,  2.64588603e-02,
         2.26311887e-02,  4.76658257e-02, -2.19321801e-03,
         6.68016192e-03, -6.04585846e-03,  2.55594202e-02,
        -6.75512888e-05, -4.60754791e-02],
       [-5.21672249e-03, -1.77491698e-02,  3.80813403e-02,
        -1.33975293e-02, -4.65892684e-03,  3.04840344e-03,
         2.94317069e-02, -1.11812395e-02, -1.22759964e-02,
         2.07516970e-02, -9.09954662e-03, -2.26572659e-02,
        -2.15438200e-02, -2.20677970e-02,  2.04074949e-02,
         2.89378314e-02,  6.06761518e-02, -3.29329566e-02,
         1.41940686e-02,  5.22513883e-01]]), array([[-0.07912266,  0.00787435, -0.09302889,  0.70008014, -0.02914257,
         0.96384989, -0.0105416 ,  0.41036657, -0.07558376,  0.03034554,
        -0.0106139 ,  0.01069939, -0.05195655,  0.06997561, -0.0355829 ,
         0.07409102, -0.00397729,  0.04673034, -0.02803665,  0.04019156]])], [array([[ 0.04844173],
       [-0.02766341],
       [ 0.01243723],
       [ 0.01232032],
       [ 0.01436869],
       [-0.03603465],
       [-0.04784281],
       [-0.00040078],
       [-0.00218732],
       [-0.0353803 ],
       [ 0.00201775],
       [-0.0078361 ],
       [-0.0514888 ],
       [ 0.03445987],
       [ 0.01953012],
       [ 0.11767301],
       [ 0.11075888],
       [ 0.11640724],
       [ 0.01803364],
       [ 0.04204233]]), array([[-0.05225428],
       [-0.05548361],
       [ 0.05536862],
       [-0.01446608],
       [-0.08386779],
       [-0.00346963],
       [-0.00138668],
       [ 0.04047999],
       [ 0.01551633],
       [ 0.00176254],
       [-0.09102015],
       [-0.01450303],
       [ 0.05607231],
       [ 0.07841787],
       [ 0.02035377],
       [ 0.07178731],
       [ 0.20432947],
       [-0.0901563 ],
       [-0.08893399],
       [-0.06018162]]), array([[0.0036612]])]]