 
[array([[ 2.33185796e-03,  8.22013226e-01,  7.31972111e-02,
         4.97818444e-02,  4.10767855e-02,  1.38884683e-02],
       [ 3.85382539e-02,  2.97801583e-02, -2.18729661e-02,
         1.00412994e+00, -4.75819949e-02, -3.62155752e-02],
       [-2.75004129e-02, -6.23946242e-02,  4.28853462e-02,
         4.49676518e-02,  1.33859166e-02,  1.43181058e-02],
       [ 6.20976118e-03, -4.38704913e-02,  3.40745407e-02,
        -7.80291560e-02, -3.67211783e-02, -1.31092398e-02],
       [-1.79667720e-02,  9.26569340e-03,  3.96729212e-02,
        -1.70841761e-02,  1.62279453e-01, -4.19180301e-02],
       [-8.10135101e-03, -2.35737291e-02, -2.12770914e-03,
        -1.38805471e-02, -1.91767734e-02, -2.07049776e-02],
       [ 7.68672240e-03,  1.24697552e-02,  8.03806123e-02,
         3.81536569e-04,  1.81114606e-03,  9.86986309e-02],
       [-7.90541108e-02,  5.83550838e-02,  2.17982187e-02,
        -1.52179119e-02,  7.84508013e-01,  8.86920558e-03],
       [ 5.50621060e-02,  4.42085148e-01, -4.76093688e-02,
         2.01002715e-03, -9.45169249e-04, -1.08347115e-02],
       [ 2.92382163e-02,  7.43479832e-01,  6.09558004e-02,
        -5.29771074e-02,  2.86750711e-02,  4.09193716e-02],
       [-2.80377204e-03, -1.42308481e-02,  8.28107215e-02,
        -3.06690583e-02, -3.25379663e-02, -4.06981081e-03],
       [ 7.89259101e-02,  2.54435692e-02,  2.20845850e-02,
        -1.46482307e-02,  1.71685990e-01,  6.93533385e-02],
       [ 5.14965169e-02, -4.07079793e-02, -3.10329714e-02,
        -1.21752187e-02, -4.91903813e-02, -3.13832507e-02],
       [ 5.67027014e-02,  2.19002008e-03,  6.77229061e-02,
         3.26298714e-01,  5.10975585e-01,  1.67047106e-02],
       [ 5.99967489e-01,  5.02581216e-03,  1.69723937e-02,
        -9.76346343e-03,  4.20709900e-02,  3.46476266e-02],
       [ 1.41329053e-02, -4.27851810e-02,  7.98616023e-01,
         3.70077265e-02,  4.63538675e-03,  3.79954105e-02],
       [ 3.41554781e-02, -3.68366656e-02,  9.87330988e-01,
         4.62666783e-02,  5.71708740e-03,  4.90823534e-01],
       [-1.04382916e-02,  3.28102260e-02,  3.75640346e-02,
         6.54208489e-03,  1.74106800e-02, -1.68519617e-02],
       [-2.38276391e-02,  3.54289056e-02,  5.72276839e-02,
        -7.28678150e-02, -8.20815206e-03,  5.47481725e-02],
       [ 2.97669069e-03, -2.74482472e-02,  2.40357075e-01,
         3.80179788e-02, -1.90934497e-02,  3.05845558e-02]]), array([[-1.86910665e-02, -3.01942377e-02,  8.19930356e-03,
         3.19480583e-02,  8.38340639e-03, -5.84540751e-02,
         9.72770658e-01,  8.33659179e-01,  2.90418992e-02,
         8.20313167e-01,  1.55213335e-02,  9.33819858e-01,
        -8.45792022e-03,  9.28665913e-03, -2.16607828e-02,
         4.76448996e-01,  7.80768475e-04, -1.73011126e-02,
         1.85255078e-02, -7.87804751e-03],
       [ 4.24172604e-03, -2.56936292e-02, -1.50646388e-02,
        -3.25852329e-02,  1.67986987e-02, -2.67578383e-02,
        -3.27749444e-02, -2.59620987e-02, -3.36547545e-03,
        -2.38189714e-02,  4.37852198e-03,  1.77586523e-02,
         7.00152313e-01,  5.94787243e-01, -3.28130387e-02,
        -5.69581660e-02, -2.10942603e-02,  1.96619887e-02,
        -1.06433892e-02, -1.20391314e-02],
       [ 1.85279588e-02,  6.24295956e-01,  4.15102677e-02,
        -1.90675240e-02,  1.89634898e-02, -1.64635683e-02,
        -1.53029428e-02,  9.09625752e-03,  3.32879426e-03,
         5.03399408e-03, -1.10227270e-02,  6.40109056e-03,
         3.67041278e-01, -4.58911891e-02, -6.29431602e-03,
         9.04691271e-01, -2.87003781e-03, -2.93923035e-02,
        -4.00183323e-03, -3.99258029e-02],
       [-4.60679833e-02, -4.05018021e-02, -2.18396237e-03,
         3.23077531e-03,  1.22257794e-02,  9.82126492e-01,
        -2.39467435e-03,  1.95182564e-02, -3.36938847e-02,
         1.25064746e-02,  1.44493232e-02, -1.51478724e-02,
         8.38006145e-03,  5.14520906e-03, -6.33512384e-02,
        -5.34194075e-02, -1.87392482e-02, -2.60774165e-02,
         2.53498944e-02,  7.32129495e-02],
       [ 5.09256291e-01, -4.09144202e-02,  1.92253423e-02,
         3.95518599e-03, -8.37948596e-03,  3.07469905e-02,
         3.64895246e-02,  3.07466282e-01,  6.30691693e-02,
         8.04407599e-01, -3.96386862e-02,  7.13847172e-03,
         7.58404344e-03, -2.58031568e-02, -3.46144492e-02,
        -1.35515520e-02,  3.21183864e-02,  2.67125580e-02,
         1.07561478e-02, -2.24931621e-03],
       [ 1.90462514e-02, -9.15652763e-03,  1.06107906e-02,
         3.04977976e-02,  2.83842468e-02,  9.71581781e-01,
         6.06384168e-03, -1.72325970e-03,  6.23186898e-02,
         3.02666941e-02,  2.17418581e-02, -2.48138170e-02,
         1.95881540e-02, -5.76062682e-02,  2.34842108e-02,
         5.32565018e-04,  3.05738754e-02, -2.17643417e-02,
         1.22341018e-02, -2.21028537e-02],
       [ 1.22101500e-02, -1.24415973e-02, -1.11241376e-02,
        -1.14476380e-02, -4.22917985e-02,  5.18196992e-02,
         2.64191483e-01, -9.70365659e-03, -5.40676542e-02,
        -3.76874470e-02, -8.73051595e-03,  3.54301419e-02,
        -7.97044150e-02,  1.55506220e-02,  7.35768532e-03,
         4.88212026e-02, -3.82480445e-02,  1.01622132e-02,
         1.01663027e-03,  3.76727219e-03],
       [ 4.05202000e-02, -1.87944894e-02, -2.03515132e-02,
        -6.12017491e-02, -2.04277169e-02,  3.33183285e-02,
         2.11733302e-02, -9.62583461e-03, -4.32310396e-02,
         4.28271882e-02, -4.99956790e-02,  4.21867878e-02,
         8.78371152e-01, -7.08029111e-02, -1.39503953e-02,
         1.32116804e-02,  1.87471428e-02, -4.86046613e-04,
        -2.66502750e-03, -4.01621535e-02],
       [ 2.25080206e-02, -2.55337538e-02, -2.11473375e-03,
        -2.94712580e-02, -8.71098648e-03,  1.82384014e-03,
        -8.12065825e-03,  5.77099435e-03, -2.44898461e-03,
        -1.01684276e-02,  2.35768137e-02, -9.28859727e-03,
        -2.74703585e-02, -6.51539368e-02, -1.64561338e-02,
        -2.78424977e-02,  6.32387334e-02,  3.07417529e-01,
        -3.16606673e-02,  1.53779658e-02],
       [ 5.42684850e-02, -3.40473222e-02,  2.06774570e-02,
        -3.56332930e-02, -1.33433144e-02, -1.27126984e-02,
        -1.44250345e-02, -1.83668056e-02,  1.91239744e-02,
        -1.22676827e-02,  9.98187847e-03,  5.60482212e-02,
        -1.91833845e-02, -6.91229681e-03, -6.75521471e-05,
         2.88706379e-03, -6.90604636e-03, -4.58816431e-02,
         6.82627299e-03,  9.21398042e-03],
       [ 2.20508076e-02,  2.12613691e-02, -1.36380133e-02,
         2.55246649e-01,  2.55157659e-02, -4.15856918e-03,
         3.96620957e-02, -1.78017512e-02, -3.92136086e-02,
        -4.64753399e-03,  7.41884023e-03,  9.45073045e-03,
         3.16194901e-03,  7.54077906e-03,  1.99286971e-02,
         3.49589652e-02,  3.74439074e-02,  3.49902955e-02,
        -1.38884049e-02, -1.27001848e-02],
       [ 1.71540473e-01,  1.68101777e-02,  5.82823808e-03,
         5.93752740e-02,  2.18960933e-02,  8.40609146e-03,
         3.13609256e-01,  8.69557725e-03, -1.42053509e-02,
        -5.14285681e-02,  2.67482831e-02,  4.65138993e-02,
        -4.32394534e-03,  2.16193951e-02,  3.22678410e-02,
         4.78145429e-01,  1.68322822e-02, -2.78747362e-02,
         4.13040621e-03,  2.68653226e-02],
       [-5.14345092e-02, -3.57936061e-02,  1.88876919e-02,
         3.82229248e-02,  9.19171334e-01,  1.79859202e-02,
         7.73227521e-04,  3.24694819e-02,  4.72374457e-02,
         4.41868223e-02,  1.63131018e-02, -3.16784723e-02,
         7.70645338e-03,  3.07610956e-03,  2.80337713e-02,
         5.27694137e-02, -6.08001583e-02, -1.56641821e-02,
         3.51793750e-02,  5.04319803e-01],
       [ 6.43417516e-03, -3.12634821e-02,  2.87408975e-03,
         3.80721463e-02, -5.42374967e-02, -1.91471882e-03,
        -1.87706457e-02, -1.18267600e-02, -3.12434313e-02,
         1.62446051e-02, -1.68817515e-02,  7.03955186e-01,
        -1.94433695e-02, -2.12835242e-03, -6.08438498e-03,
        -8.60040552e-03, -1.92754426e-02,  5.82663131e-02,
        -1.71092078e-02,  1.53143318e-02],
       [ 9.81658121e-01, -4.82219771e-02, -6.55383567e-03,
        -1.33765086e-02,  7.05183751e-03, -2.05227575e-02,
        -1.54502351e-02,  4.91663934e-03, -3.16325595e-02,
         1.23749283e-02, -5.05623369e-03,  1.60014909e-02,
        -3.01508273e-02, -2.74892707e-04,  1.38038387e-02,
         6.44076891e-02, -1.58227446e-02, -4.28391706e-03,
        -2.92588194e-02, -1.17396856e-02],
       [ 3.24912130e-02,  1.33290156e-02, -6.22739289e-03,
         3.99991539e-02,  1.78085680e-02, -2.27165942e-02,
         2.26971256e-02,  4.02125965e-02, -1.86531476e-02,
         7.18674235e-02,  5.15305548e-02,  1.65746461e-02,
         7.94467064e-03,  2.54823962e-04, -1.95901338e-03,
         1.53611018e-02,  3.24966464e-01,  7.92352992e-03,
         2.13387218e-02, -1.68498448e-02],
       [-3.70609277e-03, -4.93262614e-02, -5.36364153e-03,
        -1.42257611e-03, -3.52664786e-02,  3.05190877e-02,
        -2.62110256e-02, -2.46039176e-03,  3.82907443e-02,
         1.06502025e-02, -4.73595046e-02,  4.81032416e-03,
         5.03867523e-02, -2.98943775e-02,  2.45783357e-02,
         3.48649410e-02, -2.90820994e-02, -2.35045336e-02,
        -2.53078508e-02,  1.74044624e-02],
       [-4.51950094e-03, -1.02295161e-02,  2.85197822e-02,
         2.13504462e-02, -3.93883076e-02, -3.21043715e-02,
        -1.41210359e-02, -5.83549026e-02, -9.75222822e-05,
        -1.41423402e-04, -1.34157116e-03, -1.41420314e-02,
         3.12129989e-02,  3.30045423e-02,  1.07982361e-02,
        -7.76360376e-02,  2.24138978e-02, -1.12771037e-02,
        -1.03343374e-02, -1.09402408e-02],
       [ 3.19897968e-02, -1.87767627e-02,  9.61244841e-03,
         6.26434243e-03, -4.42387326e-02, -1.34823780e-02,
        -2.11328878e-02, -5.02585377e-02,  3.60351408e-01,
        -2.37968607e-03, -4.08223233e-02,  2.20602719e-01,
        -9.87055546e-03,  2.03391678e-02, -2.99601699e-02,
         6.95792785e-03,  3.94062005e-02, -8.43150650e-03,
        -2.94898335e-03, -1.25630474e-02],
       [ 1.14624923e-02,  7.31520001e-01, -1.04614134e-02,
         1.24855582e-02,  3.19285648e-01, -2.28974567e-02,
        -2.63499877e-02,  1.16184675e-02,  6.78781272e-04,
        -5.79434144e-02, -2.14852539e-02,  5.79988299e-02,
         1.71181452e-02,  1.99885749e-02,  4.33885053e-01,
        -1.72659598e-02,  2.03798404e-02, -1.34084042e-02,
        -2.45312450e-02, -3.11404326e-02]]), array([[ 0.0153048 ,  0.06028111, -0.06524399, -0.07136741,  0.73511904,
        -0.09336405,  0.00667021,  0.05059835,  0.01483175,  0.07043878,
         0.04746965,  0.02667032,  0.7161371 , -0.01364016, -0.02168571,
         0.03700765, -0.04153622, -0.14145427, -0.04638196,  0.04430663]])] [array([[-0.12819359],
       [-0.04372069],
       [-0.08588893],
       [ 0.0199742 ],
       [-0.02938358],
       [ 0.05523602],
       [ 0.65810282],
       [ 0.19261612],
       [ 0.0541354 ],
       [-0.02453624],
       [ 0.04391355],
       [ 0.06642362],
       [ 0.1202047 ],
       [ 0.0211736 ],
       [ 0.62072963],
       [ 0.30902508],
       [ 0.01907681],
       [ 0.05415816],
       [-0.00283889],
       [-0.02399805]]), array([[-0.02479188],
       [-0.09137689],
       [ 0.04367231],
       [ 0.05891772],
       [ 0.00751452],
       [-0.07883529],
       [ 0.40687023],
       [ 0.00148917],
       [-0.03160298],
       [ 0.00197816],
       [-0.05897759],
       [-0.05959544],
       [-0.00499435],
       [ 0.10707836],
       [ 0.05007866],
       [-0.00818877],
       [ 0.00269415],
       [ 0.07865126],
       [-0.00751749],
       [-0.01394849]]), array([[0.01836716]])]

       
       
       
       ------------------------------
       
       
       [array([[ 4.07672522e-02, -5.34248841e-02,  1.59237984e-01,
         1.00117257e-03,  2.97457481e-01,  3.88131201e-02],
       [ 1.47458650e-03,  6.09155787e-01, -9.01659225e-03,
        -7.87431687e-03,  4.72293248e-01,  1.05469982e-02],
       [-1.58125072e-02,  2.90895388e-02,  3.69970422e-02,
        -3.88745521e-02,  4.09500087e-02,  4.06653883e-02],
       [-4.31235979e-02,  2.03580402e-02,  3.84231406e-02,
         3.80933437e-02, -5.72449915e-02,  1.83124788e-01],
       [ 3.78231017e-02, -1.10686622e-02, -1.05004566e-02,
         7.91146336e-01, -9.84947018e-02, -4.29798243e-02],
       [ 4.89186639e-01, -1.80070924e-02, -3.71728684e-02,
        -2.55056626e-02,  9.34396642e-02,  4.63337232e-02],
       [ 9.56062912e-01,  3.07535469e-02,  5.35486724e-02,
         3.23419956e-02,  8.90583944e-01,  3.87607317e-02],
       [-5.56310840e-05,  5.79615060e-01, -6.53143755e-02,
         7.81654234e-03,  5.26815970e-01,  9.13001880e-01],
       [ 1.63748888e-02,  6.27451963e-01,  2.51622330e-02,
         6.11758773e-02, -8.33136577e-02, -7.24263335e-03],
       [-1.28615025e-02,  4.22570832e-02, -7.33765136e-02,
         4.02402096e-01,  8.76794289e-01,  5.45018699e-01],
       [-7.71142536e-02,  3.45178870e-02,  2.21735185e-01,
        -3.78096581e-05, -7.07121202e-02, -2.70489906e-02],
       [ 4.47996680e-02,  5.73853810e-02,  7.75393297e-01,
        -1.15908337e-03,  3.99350807e-02, -7.50918749e-02],
       [ 1.72644755e-02,  2.08802782e-02,  5.93865169e-01,
         1.44219179e-02,  4.81815553e-02,  6.10440098e-02],
       [ 5.17313250e-03, -4.76689230e-02,  4.20117575e-02,
        -7.18273620e-02,  3.57349181e-01,  4.88465471e-01],
       [ 2.23417055e-01,  8.08344602e-01,  7.42254000e-01,
        -1.44482861e-02, -2.32909521e-02,  5.02708385e-02],
       [ 2.00078362e-01, -2.19744097e-02,  4.16330478e-02,
        -3.42933785e-02, -6.63673945e-02,  8.35191787e-01],
       [-4.63774503e-03,  1.78099744e-02, -2.19454319e-02,
         4.38995332e-03,  5.54284911e-01, -3.70581067e-02],
       [ 2.14177002e-02,  2.47269247e-01, -1.73708749e-02,
         4.82666784e-02,  2.48416669e-02,  7.31153955e-03],
       [-2.25446155e-02,  2.07009124e-01, -3.22694746e-03,
         9.08896625e-04,  1.15635365e-02,  9.61000879e-01],
       [ 7.04040002e-03, -8.35434096e-02,  3.21882815e-02,
         4.50535886e-01,  5.03573859e-02, -3.18018198e-02]]), array([[-5.04486444e-02, -2.83100796e-02,  5.19534378e-02,
         1.42294256e-02, -7.10894213e-03,  3.69899600e-01,
        -2.25639635e-02,  3.60873484e-04,  1.02975587e-02,
        -4.36361021e-02, -1.20884132e-02,  3.66864742e-03,
        -5.04785330e-02, -3.80094532e-02,  9.32639530e-01,
         2.21459884e-01,  4.00596533e-02,  2.61395316e-01,
        -2.15284682e-02,  9.46635246e-01],
       [-5.76736520e-03,  7.28787562e-01,  2.86595795e-02,
         7.05309094e-01, -3.37689441e-03,  2.95111312e-02,
         3.98402356e-03,  8.49809769e-01, -1.85014116e-02,
        -3.15320620e-03,  2.03857003e-02,  2.13998640e-02,
         7.93860067e-03,  7.25275062e-03,  2.21992179e-02,
        -3.36820007e-02, -2.96685801e-02, -2.40860000e-02,
        -4.08583486e-02, -1.66779416e-03],
       [ 1.76000518e-01,  2.96631783e-02,  1.33340652e-02,
         3.79405830e-01, -4.21128181e-03, -2.55616306e-02,
         3.25041866e-01, -3.99541841e-02,  3.11596150e-03,
         3.65021348e-01, -1.80349944e-02, -3.97338573e-02,
        -2.87342722e-02,  9.66620203e-03,  1.48795004e-02,
         3.37559166e-02, -1.49193769e-02,  2.66966970e-02,
        -2.39611662e-02,  7.09673658e-01],
       [ 1.30112313e-02,  3.59668035e-02, -1.49817100e-03,
         4.66264127e-01, -3.33658873e-02, -1.60830907e-02,
        -1.13422001e-02,  2.55485720e-02,  1.36663309e-02,
         4.14422584e-01,  9.33380523e-03, -1.38944095e-03,
        -5.39817134e-02, -4.23217740e-02,  3.49933599e-03,
        -6.69707673e-04, -5.39822366e-02,  2.68781304e-01,
        -3.07927927e-02,  4.59721047e-03],
       [ 2.99083289e-02,  3.57471495e-03, -2.03785896e-02,
        -3.08665321e-03,  8.57601198e-01,  7.58586649e-01,
         1.40823375e-01, -3.45166217e-02, -2.33966644e-02,
         5.27622431e-01,  1.38094664e-02,  3.51652208e-02,
         1.75766869e-02,  1.23467392e-02,  7.76532046e-01,
         1.03308213e-02, -2.69479221e-02,  6.13369188e-01,
         2.38052516e-02,  2.51876149e-02],
       [ 3.23597181e-03, -6.25901060e-02,  1.83612967e-03,
         2.02894038e-02,  7.12761697e-02, -1.59773149e-02,
         2.83341476e-02, -1.68518625e-02,  5.32242851e-01,
         1.13953552e-02,  7.28736523e-03,  4.86888214e-02,
         2.73320689e-01, -2.21891498e-02,  4.74642900e-02,
        -9.88211993e-03,  2.32946184e-02, -1.68155764e-02,
        -6.86767037e-03, -2.62487546e-02],
       [-1.00352098e-02,  5.49614525e-03,  7.22620504e-02,
        -2.84419392e-02,  7.40447250e-01, -1.72461282e-02,
         3.80087796e-02, -1.17058910e-02, -1.77439158e-02,
         4.91692608e-01, -9.74119003e-03,  3.53268237e-01,
         2.05863568e-02,  6.42485453e-02, -6.64862624e-03,
         1.22246589e-02, -4.05704164e-02, -1.30642506e-02,
         1.00554019e-02,  7.22313813e-01],
       [ 5.24847627e-01,  6.76191734e-02, -5.39142615e-03,
        -8.44960054e-04,  1.09587810e-01,  6.10257730e-03,
         6.43088782e-03,  9.20031649e-01,  1.50567599e-02,
        -6.32430560e-03, -5.09203297e-02, -1.03013062e-02,
         5.46340317e-02,  1.52411525e-02, -2.85120613e-02,
        -2.86692894e-02,  1.35257646e-03, -7.36795366e-03,
        -6.57550648e-04,  2.78724473e-02],
       [ 2.12720802e-02,  4.40985060e-02,  4.90576684e-01,
         6.29412765e-02, -5.94532789e-02, -2.38918604e-03,
        -2.44057650e-02, -1.25530112e-02, -1.73579313e-02,
         9.85188130e-03, -1.50363640e-02,  1.12035971e-02,
         6.11468093e-03,  5.66514468e-02, -2.74796619e-02,
         1.62346961e-01, -2.82727885e-02,  9.43773470e-03,
         2.22057250e-02,  6.56970426e-03],
       [ 7.50343565e-03,  1.18164144e-02,  2.99360229e-02,
        -4.52623163e-02,  1.09441217e-02, -4.78108812e-03,
        -4.65069475e-03, -2.17143202e-03, -2.66593026e-03,
         2.16551542e-02,  6.78761089e-01,  3.88197769e-02,
        -8.89860535e-03, -2.15886546e-02, -8.43267493e-03,
         9.46256173e-03,  3.73435934e-02,  3.05765929e-01,
         2.41668397e-01, -5.06234488e-03],
       [ 8.30679351e-01,  1.11905964e-02,  3.10273533e-02,
        -4.47172234e-02,  9.83916117e-03,  5.18030551e-02,
         2.31500614e-02, -1.33869082e-03,  7.35022707e-01,
         4.28812425e-02,  4.52404802e-02,  2.69034514e-02,
         2.35850952e-02, -2.62372170e-02,  3.46187251e-02,
         5.67855732e-02, -2.32225144e-02, -3.12532751e-02,
        -3.33992566e-02,  1.50857253e-02],
       [ 2.29001028e-02, -3.92577939e-02, -2.94857514e-02,
         1.89420520e-01,  2.62702014e-01,  6.15039258e-04,
        -1.32486256e-02,  3.75525741e-02,  2.10028142e-02,
         5.33062847e-01,  2.59444500e-02,  1.69241530e-02,
         6.00068761e-02,  6.99286626e-01,  4.56710423e-02,
         3.19093446e-02,  2.49668215e-02, -6.10908982e-03,
         4.59728968e-01, -1.53647800e-02],
       [ 7.70282765e-04,  1.64993112e-02,  1.23645943e-01,
         1.66168839e-02,  3.11778501e-02, -2.65266263e-02,
        -7.92843253e-03,  5.71479227e-02,  6.77799996e-03,
        -1.45266966e-02,  9.53690027e-03, -4.04865089e-02,
        -1.25375289e-02, -1.71925662e-02,  9.55897623e-03,
         2.18292392e-02, -6.53316009e-03, -3.89286381e-04,
         1.13378373e-02,  1.28662605e-02],
       [-1.01721518e-02,  4.98548669e-02,  5.27714030e-02,
         7.23203884e-01, -2.60130591e-02,  7.85225366e-04,
        -3.74220165e-02,  2.90073568e-05, -5.10232223e-03,
         4.56954097e-02,  9.89403397e-01,  3.67380726e-01,
        -3.80610262e-02,  2.59092403e-01, -3.48120268e-02,
        -3.47978773e-02,  7.75500907e-02, -3.75764358e-02,
         2.46518039e-02,  2.17139875e-03],
       [-1.34111810e-03, -4.74374763e-02,  5.08653000e-03,
         2.78169478e-01,  2.69028719e-02, -7.48286990e-04,
         1.42695133e-03,  4.61735013e-01,  1.21335321e-02,
         2.86390887e-02,  1.42492763e-02,  1.61090379e-02,
         2.74139862e-02,  8.29596100e-03,  3.44252605e-03,
         6.68556406e-02,  9.65408831e-01,  8.86381448e-01,
         6.36989754e-01,  3.07985101e-01],
       [ 2.58943177e-01, -4.62959063e-03,  7.06939423e-03,
         2.47376921e-03, -7.48390644e-03, -2.34679851e-02,
        -5.33346403e-03, -1.50963149e-02,  3.84935042e-02,
        -4.15559218e-03,  1.13754340e-01,  2.59036280e-02,
         1.27527645e-02,  7.14904111e-01,  9.74886025e-01,
         3.00277287e-02,  3.90428012e-01,  4.08406098e-02,
         2.69694022e-02,  6.68995485e-02],
       [-3.70898968e-02, -1.36776812e-02,  2.57866647e-02,
         2.57991324e-02, -3.12284205e-02, -1.06729904e-02,
         1.07565490e-02, -1.96820234e-02,  1.74527582e-02,
        -2.40082144e-03, -5.22007526e-02,  7.07360964e-03,
        -2.98927860e-02,  8.65731399e-04,  3.86247597e-02,
         4.73937511e-02,  1.65213213e-02,  2.52585549e-02,
        -1.14628602e-03,  5.11130799e-02],
       [ 4.69026079e-03,  4.15158480e-02, -5.06375499e-02,
         2.85458792e-02, -1.47678921e-04,  4.72677437e-02,
         4.38237253e-04,  9.46537591e-01, -2.23128390e-02,
        -2.38794167e-02, -2.06835536e-02, -5.66820089e-03,
         8.87670860e-07,  1.13805144e-02,  2.35309141e-02,
        -9.42004442e-03,  5.65069742e-01,  2.92687504e-02,
         3.99934952e-02, -2.76880482e-03],
       [-4.54945225e-03, -6.23950363e-02,  2.42290423e-02,
        -2.53758527e-02, -5.31178331e-03,  1.61500151e-02,
         1.20119456e-01,  6.22130435e-02,  1.91229096e-02,
         3.94886410e-02, -1.09343385e-02, -1.48602796e-02,
         1.95880139e-02,  1.24005061e-01,  8.56629414e-01,
         1.30997855e-02, -1.39387970e-02, -1.70365560e-03,
        -1.93634189e-02,  3.76996896e-02],
       [-2.44032995e-02, -4.46218092e-03,  4.92850869e-02,
        -1.90911562e-02,  5.31166473e-01,  9.65900320e-01,
         3.75042655e-02, -8.46078651e-03,  8.56846801e-02,
        -3.66257270e-03, -3.49193629e-02,  1.15737834e-02,
        -3.03512201e-03,  3.56741327e-02,  2.30209411e-02,
        -8.81140424e-03, -1.69674386e-02,  1.76191939e-03,
        -6.91137560e-02, -4.40576889e-02]]), array([[-0.03769532,  0.62810119, -0.06394687, -0.04858496, -0.00953182,
        -0.03927952, -0.05539873, -0.03778787,  0.0131526 , -0.02044427,
         0.12220447, -0.00146936,  0.06036687, -0.01658858, -0.0186178 ,
         0.01854754,  0.0141439 ,  0.83088264,  0.02157111, -0.00738546]])] [array([[-9.71518367e-03],
       [-5.81341641e-02],
       [ 3.00577541e-02],
       [ 1.35532932e-02],
       [ 2.96036171e-03],
       [ 3.05266075e-02],
       [-4.79604862e-02],
       [ 4.86366154e-03],
       [ 7.55607919e-02],
       [ 9.64087250e-02],
       [-3.39560468e-02],
       [-6.79201234e-02],
       [ 3.27640786e-02],
       [ 9.18578011e-01],
       [ 1.78809197e-01],
       [ 5.86894143e-04],
       [-1.34367616e-03],
       [ 6.29146199e-02],
       [-1.24293100e-02],
       [ 1.32759660e-01]]), array([[ 0.0431627 ],
       [-0.00107734],
       [-0.08022863],
       [-0.02288358],
       [-0.03836683],
       [ 0.06418   ],
       [ 0.0122226 ],
       [-0.00610468],
       [-0.12703234],
       [-0.03201646],
       [-0.1060585 ],
       [ 0.04335591],
       [ 0.01196523],
       [ 0.04309665],
       [ 0.01464183],
       [-0.02391043],
       [-0.00582299],
       [-0.00982868],
       [ 0.00358081],
       [ 0.07473688]]), array([[0.0096385]])]
------------------------------------------------





[array([[ 6.30111876e-01,  4.49944773e-02, -8.11835925e-03,
        -1.89447349e-02,  1.58727030e-02, -5.10594909e-02],
       [ 4.80394231e-01, -9.36452886e-02,  7.67313414e-01,
         3.97921477e-02,  5.26524609e-02, -4.49582187e-03],
       [ 6.24866282e-01,  6.50397133e-01,  4.51749244e-01,
        -4.74415981e-02,  1.19568709e-02,  4.70748389e-02],
       [-9.65934420e-02,  8.40120432e-02,  4.39230563e-02,
         1.70837815e-02,  1.12914424e-02, -1.23481169e-02],
       [ 9.95861096e-03, -1.62845659e-02,  9.46795948e-01,
         2.60413946e-02, -1.45197770e-02, -5.92073872e-03],
       [ 5.50471601e-02,  1.44903564e-02,  2.21872065e-03,
        -3.51474555e-02, -2.51301528e-02, -4.71356469e-02],
       [ 5.78138265e-04,  1.24112739e-02,  9.57703536e-01,
        -5.94305644e-02, -2.79696443e-02,  6.91539257e-01],
       [-2.09424071e-02,  8.35601563e-01,  3.01198008e-02,
         4.68590886e-02,  4.66821337e-01, -7.18544265e-02],
       [ 1.61404092e-01, -6.94890135e-03,  2.74107795e-02,
         1.04578339e-02, -5.29066231e-03, -6.29300539e-03],
       [ 3.26976557e-01, -1.99668895e-02,  6.74694195e-02,
         6.90625278e-01, -3.83840114e-02,  4.65686305e-03],
       [ 4.19463745e-02,  6.97425751e-01, -2.52943525e-02,
        -1.70046583e-02, -4.97106540e-02, -3.36682130e-02],
       [-6.87615646e-02, -1.19449027e-02, -1.22339988e-01,
         8.14194039e-01,  9.13997605e-01, -2.37321876e-02],
       [-7.69119973e-02,  1.33971579e-02,  1.33402488e-02,
         4.10799151e-01,  5.30000204e-02,  8.45961010e-03],
       [ 6.55450387e-02,  1.90830559e-02,  1.59783788e-01,
         4.55933986e-02,  2.80230533e-01,  2.86602123e-02],
       [ 4.61385999e-02, -5.45833924e-02, -6.28584291e-03,
         1.39633787e-02,  3.59929651e-02,  4.39032969e-01],
       [ 2.37094670e-02,  1.00596410e-01,  9.20513444e-03,
         2.35209333e-02, -2.40836587e-02,  6.68896226e-03],
       [ 6.29277325e-03,  2.62585150e-02,  1.52061540e-02,
         4.79650521e-01,  5.79917213e-02, -3.42379978e-02],
       [-2.40535305e-02, -4.19614833e-02,  1.51863112e-03,
         2.32984781e-02, -2.29911142e-02,  7.09395615e-02],
       [-3.46252397e-02,  4.37742836e-01,  2.50192220e-02,
        -4.54457659e-02,  2.66528436e-02, -3.31654265e-02],
       [ 9.09901327e-02, -3.44674995e-02, -3.19098281e-02,
         3.08252706e-02, -1.30187924e-02,  1.71986873e-01]]), array([[ 4.31338805e-02,  1.70161347e-02, -3.04891662e-02,
         4.86604892e-02,  3.37760686e-01, -4.79274927e-02,
         3.10213829e-01, -5.49962151e-02,  1.04901394e-02,
         1.16550922e-03,  4.29750529e-02,  3.04883040e-01,
        -3.13880588e-02, -6.27357623e-02,  1.25986694e-02,
         1.49293490e-02,  1.84034903e-02,  1.88968227e-01,
         4.20600070e-02,  5.43047528e-02],
       [ 4.63233349e-02,  6.27574531e-02, -7.40498580e-02,
         1.14244543e-02,  3.03907498e-02,  1.82049180e-01,
         2.70715011e-02,  1.98975054e-02,  5.99175855e-01,
        -4.90493576e-02,  3.83688494e-01,  3.86970917e-02,
         8.99247537e-01,  5.25601329e-02, -1.95485120e-02,
         4.94707189e-01,  3.85795648e-02, -1.85601704e-02,
         4.86814123e-02, -3.99247190e-02],
       [ 4.95717074e-02, -1.78367878e-02,  5.54805296e-01,
        -1.10060666e-02,  9.56766348e-02, -1.07301381e-02,
        -1.73173217e-02,  4.10985316e-01,  2.65142222e-02,
        -5.21957058e-03, -5.03646242e-03,  7.79273102e-01,
        -1.31433644e-02, -9.72725304e-04,  6.74544694e-02,
         1.07201326e-02,  5.81393117e-01,  1.22726662e-02,
         3.31409568e-01, -6.90274945e-02],
       [-3.38409864e-02,  3.53987791e-01,  2.69467904e-02,
        -3.02342464e-02, -7.17510687e-03,  1.62982467e-02,
        -2.76243848e-02, -1.48925659e-02,  6.78781992e-01,
        -1.89025507e-02,  2.17243775e-02,  1.66698902e-02,
         2.89764358e-02,  3.29586372e-02,  2.46266330e-03,
         6.13489638e-02,  1.63157990e-02,  1.03137741e-02,
        -1.70449374e-02, -2.86918518e-02],
       [ 4.08254491e-02,  2.64918434e-02, -1.18369583e-02,
        -9.76244134e-03,  7.00631451e-01, -9.66297874e-03,
         2.66614122e-03,  4.01051002e-01,  1.90816910e-02,
         2.10447709e-02,  1.09419205e-02,  7.72529111e-01,
         8.93808781e-03,  2.48062510e-02,  4.69696390e-02,
         4.68151192e-03,  4.51896328e-01, -2.02282043e-03,
         1.44510570e-02,  4.52842998e-02],
       [-2.14772182e-02,  6.86509103e-03,  5.64175460e-01,
        -2.30877643e-02,  6.21836838e-01,  8.56175177e-03,
        -1.18831355e-02, -1.82245157e-02,  3.15080890e-01,
         5.86544727e-04,  8.44059963e-03,  4.55296973e-02,
         1.52703721e-01,  7.01960566e-01,  2.83283178e-01,
        -1.76500069e-02,  2.59507370e-03,  5.45927362e-03,
         8.12476151e-01, -1.70495615e-02],
       [-1.89543296e-02, -4.09001404e-04, -2.54613895e-02,
        -3.37366672e-02,  1.98982366e-02,  2.22152413e-02,
        -3.29893745e-02,  7.96276227e-01, -6.92049971e-03,
        -4.29512842e-02,  9.68688989e-01, -4.72676560e-02,
         2.75986758e-02, -1.02975755e-02, -3.48155804e-03,
        -4.25795601e-03, -2.45194523e-02, -2.30286406e-02,
         1.82170356e-03,  3.11799971e-02],
       [ 2.77556200e-03,  8.05858491e-01, -2.49417173e-02,
         5.33263451e-01,  2.80795120e-02,  9.57751273e-01,
         1.99930824e-01, -3.47728313e-02,  5.27282874e-03,
         3.88501936e-01,  7.01949774e-02, -2.34663518e-02,
         2.57999874e-02, -1.82020132e-02, -1.69292214e-02,
         5.55343688e-02, -3.88567923e-02,  5.39830301e-03,
         2.93663151e-02, -2.65974417e-04],
       [-4.55694821e-02, -3.41652628e-02,  9.94002857e-01,
         3.88854644e-02, -4.66259732e-03, -2.61035812e-02,
         7.33380611e-01, -9.13091239e-03,  9.27398848e-01,
        -2.76015489e-02,  1.62144085e-02,  7.39881447e-03,
        -2.80075379e-02, -1.98421386e-02,  4.60593228e-03,
         7.13815814e-01, -4.31992854e-02,  1.60052713e-02,
        -2.50897608e-02,  1.55583095e-02],
       [ 2.67708443e-03, -1.29132430e-02,  2.18323160e-01,
         5.12763069e-01, -4.35144297e-02, -4.63932900e-02,
         6.35413912e-03,  5.80218203e-01,  1.89484070e-02,
        -5.31588965e-02,  1.09604754e-02,  5.46901472e-01,
        -1.17920933e-03, -2.04174917e-02, -1.72562994e-02,
         7.13291298e-03, -5.82677286e-02,  7.28837031e-01,
         2.46138722e-02,  4.71205729e-02],
       [-1.18488639e-02,  8.79207876e-01,  9.09786667e-03,
         8.42121442e-03,  4.02716492e-02,  2.55175376e-02,
         3.31259400e-02,  4.92634571e-01,  7.49203234e-03,
        -3.21801265e-02,  1.12475806e-02,  9.04507607e-01,
        -6.54704313e-02, -1.09883341e-02, -2.44787434e-02,
         1.81936454e-02, -2.32274244e-03,  4.28267405e-03,
         1.08207815e-02,  4.54852067e-01],
       [-3.87126562e-02,  5.37234304e-01, -2.35881873e-02,
         2.74798639e-03,  2.36780024e-01,  8.84196203e-01,
        -1.57152631e-03, -1.01409861e-02,  9.04593917e-03,
         1.86031619e-01,  8.11769708e-03,  6.18038643e-01,
        -1.30451796e-02,  4.09011001e-02, -6.07594283e-02,
        -2.39159035e-02, -6.48221437e-02, -4.37062758e-02,
         7.50037141e-03,  9.01920038e-01],
       [-3.36914673e-02,  1.70968169e-02, -2.98288579e-02,
         3.14233167e-02, -5.94542558e-03,  2.29792017e-01,
         5.11246358e-02,  3.41841494e-01, -1.83805110e-02,
         9.87044528e-02,  4.51826259e-02, -1.36019384e-02,
         1.13248915e-02,  3.70566692e-03, -3.60237503e-02,
         2.51927738e-02,  4.80313804e-01,  3.67027948e-02,
         6.87024605e-03,  5.03610695e-01],
       [ 8.04340883e-03,  2.57777135e-03, -1.95750094e-02,
        -5.77316490e-03,  7.18683774e-01,  1.61716243e-01,
        -1.97500838e-02, -2.25509879e-02, -5.16940065e-02,
         3.50533127e-02,  4.63007836e-01,  1.33749754e-02,
         9.09580297e-03,  1.44318500e-03, -1.27098184e-02,
        -2.40762921e-03, -1.42231660e-02,  4.95419613e-04,
        -2.40150630e-02,  3.45952572e-03],
       [ 4.94939686e-02,  8.81034075e-03,  9.11132450e-03,
         5.15324891e-01,  9.32921010e-01,  7.49571116e-01,
         2.14135691e-02,  1.38484204e-02,  9.02753671e-03,
         2.47496683e-02, -1.51234697e-02,  8.07753261e-01,
         8.29854268e-01, -1.46068690e-02, -5.30508177e-03,
        -2.32149053e-02,  9.81280300e-01,  9.70415533e-02,
        -1.03231274e-02,  4.14496273e-02],
       [-1.39713779e-02,  3.97600068e-02,  6.54061977e-02,
         2.20976811e-01,  9.52175550e-03, -4.73891635e-02,
         1.66057486e-01, -9.37029518e-03, -3.30845953e-03,
         3.57694409e-02, -4.60505066e-03,  3.62535214e-03,
         2.91933008e-01,  2.05760852e-02,  2.67190205e-02,
        -3.13919167e-03,  5.66057084e-01,  2.79309954e-01,
         1.38869887e-02,  2.69993099e-02],
       [ 3.33494727e-02,  2.86727714e-02,  1.99500196e-02,
        -3.61176126e-02, -5.98584976e-03,  1.40788227e-02,
        -5.67571943e-02,  1.88019137e-02, -6.39714881e-03,
         3.06599039e-02,  1.66448636e-02,  3.14730925e-01,
         2.36161860e-02, -4.72700624e-02,  2.22945023e-03,
         1.42572488e-02,  1.95914854e-02, -1.71489274e-03,
        -3.96624540e-02,  1.67304109e-02],
       [ 7.49038670e-03,  1.58940264e-02, -5.66766428e-03,
        -2.34841110e-02, -6.77110964e-03, -1.57072879e-02,
         1.81501331e-01,  7.30943211e-03,  2.65679161e-02,
        -3.61259091e-02, -1.86282316e-02,  6.51200046e-02,
        -4.51379630e-02,  5.53751564e-01,  9.74704516e-01,
        -1.39547278e-02,  5.43983444e-02,  2.11558911e-02,
        -1.39459303e-03, -2.05596075e-02],
       [ 8.50930013e-01,  9.63108760e-03, -6.71391439e-02,
        -7.37692862e-03,  2.44430442e-01,  1.55823807e-02,
        -2.50177564e-02,  4.41614752e-01,  3.27860763e-01,
         1.42098972e-02, -3.37714362e-02,  4.30811195e-02,
        -3.00508352e-02, -2.56109476e-03,  2.73183037e-01,
        -7.55309998e-02,  5.14176051e-01,  5.28043880e-02,
         2.29890502e-03, -1.57850717e-02],
       [ 3.59314322e-03, -5.81214370e-03, -2.86438242e-02,
         9.54193581e-03,  2.01727899e-02,  5.23044116e-01,
        -1.31335403e-02,  4.26522012e-02,  3.68919305e-02,
         2.84655515e-02,  1.29778548e-02, -7.84630585e-03,
         3.02219795e-03,  3.20944080e-01, -5.72920193e-02,
         2.54095859e-02,  1.43360389e-02,  2.72155637e-01,
        -3.45429611e-02,  1.36988019e-02]]), array([[ 0.0375609 ,  0.04024294, -0.04124226, -0.04876783, -0.09741723,
         0.08494701,  0.96905414, -0.01982595, -0.01326386,  0.01970125,
         0.01403474, -0.05049761,  0.02301374,  0.01056799, -0.07578363,
        -0.04001401,  0.04096312,  0.22167182,  0.02327583, -0.02471353]])] [array([[ 0.0896497 ],
       [ 0.03070257],
       [-0.04322839],
       [-0.07012533],
       [-0.05209954],
       [ 0.01301748],
       [ 0.03213928],
       [ 0.05331291],
       [ 0.00556284],
       [ 0.05773278],
       [-0.04187483],
       [ 0.03526515],
       [-0.02998961],
       [-0.07050589],
       [-0.1124471 ],
       [ 0.64285919],
       [ 0.03110626],
       [ 0.57978926],
       [-0.09750056],
       [ 0.08208937]]), array([[ 0.00571515],
       [ 0.45423497],
       [-0.04606035],
       [ 0.03546857],
       [-0.03783449],
       [-0.00154832],
       [ 0.0307686 ],
       [-0.04995329],
       [-0.03388148],
       [-0.06998428],
       [ 0.90868146],
       [-0.06601411],
       [ 0.74119993],
       [ 0.04798945],
       [-0.0934802 ],
       [-0.00874009],
       [-0.00438782],
       [ 0.02496839],
       [-0.08037773],
       [ 0.52320316]]), array([[0.00259113]])]
---------------------------

[array([[ 6.34486436e-01,  5.15911415e-02, -1.38858399e-02,
        -2.18596206e-02,  2.83776628e-02, -5.15514965e-02],
       [ 4.73345043e-01, -9.33149493e-02,  7.75199349e-01,
         5.05750111e-02,  4.69783379e-02, -4.09210825e-03],
       [-3.25350186e-02,  6.49663406e-01,  4.60503464e-01,
        -4.34449496e-02,  1.41124341e-02,  4.70748389e-02],
       [-9.84707843e-02,  8.47838085e-02,  4.01928647e-02,
         9.63595548e-03,  2.43665561e-02, -5.11221653e-03],
       [ 1.44553467e-02, -2.08530675e-02,  5.61822649e-01,
         2.87979724e-02, -1.25818438e-02, -5.92073872e-03],
       [ 6.09009724e-02,  6.94812774e-03, -1.09633529e-02,
        -3.51474555e-02, -2.59139858e-02, -5.01470055e-02],
       [-6.39260019e-03,  1.43849119e-02,  3.72751306e-02,
        -5.82365066e-02,  1.61662912e-01,  6.67300423e-02],
       [-2.70415625e-02,  8.24883214e-01,  2.63053388e-02,
         5.05175552e-02,  4.70306094e-01, -7.71654979e-02],
       [ 1.59576727e-01, -5.45477928e-04,  2.69146911e-02,
         1.45370665e-02, -7.70982042e-03, -1.55880978e-02],
       [ 3.28128678e-01, -1.75891454e-02,  6.74694195e-02,
         6.87504355e-01, -3.90652469e-02,  2.95567288e-02],
       [ 3.98715990e-02,  6.96241501e-01, -3.30741410e-02,
        -1.65520680e-02, -4.27923527e-02, -1.46089020e-02],
       [-7.02728060e-02, -1.94697111e-02, -1.15879075e-01,
         8.21861933e-01,  9.15771822e-01, -2.12461762e-02],
       [-8.00073518e-02,  2.02966178e-02,  1.04598281e-02,
         4.11054874e-01,  5.30687727e-02,  7.75225173e-03],
       [ 6.36770710e-02,  3.05311841e-03,  1.73880263e-01,
         3.05714472e-02,  2.86824742e-01,  3.92735360e-02],
       [-6.43309982e-02, -6.00437578e-02, -6.72817652e-03,
         1.14236918e-02,  3.59161560e-02,  4.36088118e-01],
       [ 2.87626611e-02,  9.99099636e-02,  4.27654323e-03,
         2.35209333e-02, -1.71840553e-02,  8.69398829e-03],
       [ 6.04646851e-03,  2.82345167e-02,  1.19823350e-02,
         9.02679983e-01,  5.67169228e-02,  1.81533166e-01],
       [-2.56582867e-02, -4.47732030e-02, -4.49579812e-04,
         2.26287687e-02, -2.27867014e-02,  6.42483936e-02],
       [-2.12237692e-02,  4.50186396e-01,  2.15499452e-02,
        -4.00307085e-02,  3.42846403e-02, -2.92978610e-02],
       [ 9.17685634e-02, -3.53636910e-02, -3.71361891e-02,
         2.65037073e-02,  5.66107983e-01,  1.61645771e-01]]), array([[ 4.63534784e-02, -5.06903439e-03, -3.11667576e-02,
         4.15979132e-02,  3.41641290e-02, -5.66547159e-02,
         3.09246306e-01, -5.86837851e-02,  3.14274602e-02,
         6.73704838e-03,  5.38825336e-02,  3.17990583e-01,
        -3.16867619e-02, -7.17863377e-02,  1.47473989e-02,
         1.78966799e-02,  2.26293019e-02,  1.91791551e-01,
         4.42695644e-02,  5.74773247e-02],
       [ 4.54476898e-02,  6.89940551e-02, -7.22782715e-02,
         1.11247837e-02,  1.40248075e-02,  1.78329299e-01,
         2.45577826e-02,  1.22662485e-02,  6.07644442e-01,
        -5.09784106e-02,  4.58949515e-03,  4.06490623e-02,
         8.98979582e-01,  6.03842745e-02, -2.08193755e-02,
         4.77163912e-01,  2.31301755e-02, -1.71012418e-02,
         5.03861797e-02, -3.86001972e-02],
       [ 4.45252920e-02, -1.39517707e-02,  5.56602463e-01,
        -5.04109250e-03,  9.33440637e-02, -3.47917787e-03,
        -2.00011234e-02,  4.03895474e-01,  1.67013665e-02,
        -6.82930470e-04,  5.77685813e-02,  7.79527210e-01,
        -1.94463066e-02, -2.78670196e-03,  5.87403904e-02,
         9.23367482e-03,  5.78096518e-01,  4.83763817e-03,
         3.28240962e-01, -7.27642672e-02],
       [-4.33130660e-02,  3.55649096e-01,  2.30075113e-02,
        -4.08999695e-02, -1.35132197e-02,  2.02294943e-02,
        -3.04097612e-02, -1.95821983e-02,  6.78298962e-01,
        -2.14745543e-02,  2.14201429e-02,  1.85645150e-02,
         2.53701481e-02,  4.86481305e-01,  1.39765362e-03,
         6.53955581e-02,  3.66017876e-03,  4.29583568e-01,
         9.59842121e-01, -2.38783131e-02],
       [ 1.78631851e-01,  2.89762060e-02, -1.66254340e-02,
        -1.13386713e-03,  6.94342996e-01, -1.33118033e-02,
         9.27350543e-03,  3.80933976e-01,  3.00640032e-02,
         1.87431746e-02,  2.01793381e-02,  7.68325879e-01,
         7.78963261e-03,  1.97725399e-02,  4.86790843e-02,
         3.73141602e-02,  4.57977736e-01, -3.37398844e-03,
         2.36307452e-02,  4.08797615e-02],
       [-2.59497139e-02,  2.14821959e-03,  5.53438774e-01,
        -4.07714178e-02,  6.21238017e-01,  1.08398815e-02,
        -5.74302361e-04, -3.51656542e-03,  3.10555221e-01,
         5.22951029e-03,  5.71069662e-04,  4.58441670e-02,
         1.42821630e-01,  6.93524575e-01,  2.76931933e-01,
        -1.69881420e-02,  8.82314909e-03,  1.59952877e-02,
         9.07359518e-01, -1.80189857e-02],
       [-2.35771443e-02, -1.05199824e-02, -2.41854190e-02,
        -3.10399250e-02,  3.22117207e-02,  1.76778584e-02,
        -3.21366262e-02,  7.99805634e-01, -3.14133037e-03,
        -3.10415023e-02,  9.72424594e-01, -5.06839857e-02,
         2.42579066e-02,  1.24533615e-03, -8.36043002e-03,
        -6.28316084e-03, -3.26701268e-02, -2.86211053e-02,
         8.52162174e-03,  2.02284740e-02],
       [ 8.37072711e-03,  8.06042896e-01, -2.76692067e-02,
         5.26354632e-01,  2.84232210e-02,  9.50583109e-01,
         6.10330567e-01, -3.64401830e-02,  1.36635682e-02,
         3.96279696e-01,  6.72585422e-02, -2.30335743e-02,
         2.68589082e-02, -6.09404416e-03, -5.13603435e-03,
         5.50458104e-02, -4.98239304e-02, -3.17886802e-04,
         2.69605166e-02,  9.50333978e-01],
       [-4.20086646e-02, -3.31958070e-02,  9.92337335e-01,
         3.79134165e-02, -5.01053054e-03, -2.51776507e-02,
         7.24265041e-01, -9.13091239e-03,  9.21430519e-01,
        -1.93975026e-02,  2.12357209e-02,  9.07931862e-03,
        -2.37805199e-02, -1.92610040e-02,  8.22437677e-03,
         7.07043971e-01, -5.63853641e-02,  2.05454336e-02,
        -2.51050744e-02,  1.55583095e-02],
       [ 5.95417422e-03, -6.31962709e-03,  2.14369200e-01,
         5.11201876e-01,  6.86266676e-01, -5.10089229e-02,
        -3.04146062e-03,  5.77710495e-01,  1.62644892e-02,
        -5.78762999e-02,  1.10194401e-02,  5.52373988e-01,
         1.10813147e-02, -2.04174917e-02, -2.15199276e-02,
         1.00421611e-02, -6.20940238e-02,  7.28641018e-01,
         3.21042984e-02,  9.94085013e-01],
       [-1.05463978e-02,  8.72506575e-01,  7.65438924e-03,
         1.11044329e-01,  3.46033781e-02,  2.89128552e-02,
         4.16739027e-02,  4.92849577e-01,  7.10189549e-03,
        -1.76047166e-02,  3.67895151e-01,  9.04885764e-01,
        -6.57065271e-02, -4.16971806e-03, -2.41656923e-02,
         2.19506280e-02, -1.47764867e-03, -2.77858619e-03,
         2.44916592e-02,  4.72201039e-01],
       [-4.56331722e-02,  5.30029093e-01, -1.85089916e-02,
         2.19855125e-03,  2.40878168e-01,  3.32499025e-01,
        -1.57157790e-02,  9.62442059e-01,  8.16111312e-03,
         1.90849400e-01,  9.58979737e-03,  6.17133345e-01,
        -1.50492663e-02,  4.56236382e-02,  9.84099581e-01,
        -2.58772506e-02, -5.89318319e-02, -4.53771203e-02,
         6.86189007e-04,  9.09343517e-01],
       [-3.16532195e-02,  1.93410672e-02, -3.12289406e-02,
         3.49905240e-02, -5.47770378e-04,  2.24803123e-01,
         5.59529157e-02,  3.45859287e-01, -1.75151168e-02,
        -2.32338786e-02,  4.31772149e-02, -1.63074362e-02,
         6.99296731e-03,  2.56161087e-03, -4.43857029e-02,
        -2.69474621e-03,  4.78155415e-01,  4.96529204e-02,
        -1.57563849e-03,  2.49147326e-01],
       [ 2.32236011e-02,  5.26043403e-03, -2.39189998e-02,
        -7.29719545e-03,  7.22690250e-01,  1.57821232e-01,
        -2.57871472e-02, -1.22309532e-02, -5.16940065e-02,
         3.31746512e-02,  4.63956096e-01,  3.61364902e-03,
         1.00306823e-02,  6.15664669e-03, -2.10736779e-02,
        -6.84497356e-03, -1.68068915e-02, -4.75321323e-03,
        -2.26488531e-02, -2.89926526e-03],
       [ 4.17757690e-02,  3.14771598e-06,  1.28621254e-02,
         1.99545876e-02,  9.39083197e-01,  7.50991537e-01,
         2.65790156e-02,  1.31763138e-02,  8.17811092e-03,
         2.70629925e-02, -1.42039917e-02,  8.11895349e-01,
         8.27279506e-01, -1.67707547e-02, -3.32090326e-02,
        -2.24062170e-02,  9.74938956e-01,  9.75050622e-02,
        -1.88542037e-02,  4.78046006e-02],
       [ 1.39577532e-01,  3.64645323e-02,  6.70017695e-02,
         2.31496329e-01,  5.34777824e-03, -4.91572893e-02,
         1.64705577e-01, -2.62336097e-02,  1.87135511e-03,
         3.57694409e-02, -3.27541729e-04,  1.33435452e-02,
         2.87861869e-01,  1.28294647e-02,  2.85680946e-02,
        -7.99881873e-03,  7.63804647e-01,  2.76197198e-01,
         1.97424747e-02,  2.43762735e-02],
       [ 2.62418948e-02,  2.61436564e-02,  1.70741418e-02,
        -3.70427117e-02,  5.91028138e-03,  1.33952340e-02,
        -4.51364886e-02,  1.41115840e-02, -4.50604100e-03,
         2.68399884e-02,  1.66448636e-02,  3.21056652e-01,
         2.31297956e-02, -3.64136612e-02,  5.03980703e-03,
         1.60029522e-02,  1.33703634e-02, -7.23816947e-03,
        -4.70942830e-02,  1.60149319e-02],
       [ 1.37935366e-02,  2.14574897e-02,  4.29262342e-03,
        -4.35543079e-02, -1.61353163e-02, -2.40778234e-02,
         1.80593094e-01,  9.46971082e-01,  2.25086466e-02,
        -4.33519511e-02, -2.30416415e-02,  6.04076186e-02,
        -4.84547250e-02,  9.19500625e-01,  9.77322003e-01,
        -1.06395732e-02,  6.00970343e-02,  7.57458932e-03,
        -1.21131835e-02, -1.61695469e-02],
       [ 8.60115341e-01,  1.63151637e-02, -6.80820955e-02,
        -5.97131618e-03, -8.23768231e-02,  1.65604552e-02,
         4.63445851e-01,  4.38929872e-01,  2.28794829e-02,
         2.03997079e-02, -3.20428376e-02,  3.66298496e-02,
        -3.01601559e-02,  1.59046951e-02,  2.80301139e-01,
        -7.81723354e-02,  5.23099277e-01,  6.67688434e-01,
        -1.43245626e-03,  5.15850846e-01],
       [-1.37745222e-03,  2.17686954e-03, -2.91631001e-02,
         2.73784890e-01,  2.71230529e-02,  6.39161729e-01,
        -1.71891398e-02,  4.23689640e-02,  3.51857198e-02,
         3.02609005e-02,  8.72665848e-03, -6.98820724e-03,
         1.83842417e-03,  3.18949632e-01, -5.34628105e-02,
         3.10947744e-02,  1.16314140e-02,  1.94047547e-02,
        -4.39369243e-02,  1.52702057e-02]]), array([[ 0.04957418,  0.03607327, -0.03694757, -0.05346097, -0.10100999,
         0.06961022,  0.96518952, -0.02289198, -0.02071049,  0.02780539,
         0.01160354, -0.04969824,  0.00653829,  0.01714441, -0.07448522,
        -0.04509584,  0.04050439,  0.0439337 ,  0.02814785, -0.02260447]])] [array([[ 0.08442869],
       [ 0.03189091],
       [-0.0588796 ],
       [-0.07766212],
       [-0.0633279 ],
       [ 0.0202902 ],
       [ 0.03274303],
       [ 0.05437128],
       [ 0.00556284],
       [ 0.38160516],
       [-0.04315257],
       [ 0.03428186],
       [-0.03388925],
       [-0.07273318],
       [-0.10693117],
       [ 0.64090059],
       [ 0.02927609],
       [ 0.57834671],
       [-0.09668403],
       [ 0.09204159]]), array([[ 0.00632018],
       [ 0.45807447],
       [-0.04547428],
       [ 0.04212764],
       [-0.04605462],
       [-0.00315373],
       [ 0.03639717],
       [ 0.18681333],
       [-0.02980134],
       [-0.06740636],
       [ 0.90868146],
       [-0.06934477],
       [ 0.74686813],
       [ 0.04375008],
       [-0.0792534 ],
       [-0.01804679],
       [-0.00484743],
       [ 0.02664154],
       [-0.07544134],
       [ 0.52149954]]), array([[-0.00048186]])]

       
       
       
       
       
       
       
       
       
       
       
       
